2382.0,2.0,3.77,-25.03,0.0,278.74,0.0,12.0,178.04,5.57,-881.37,0.0
2381.0,2.0,3.82,-32.61,0.0,294.89,625000.0,12.0,182.4,5.55,-939.87,0.0
2382.0,2.0,3.77,-25.03,0.0,278.74,0.0,12.0,178.04,5.57,-881.37,0.02
2381.0,2.0,3.82,-32.61,0.0,294.89,625000.0,12.0,182.4,5.55,-939.87,0.02
2382.0,2.0,3.77,-25.03,0.0,278.74,0.0,12.0,178.04,5.57,-881.37,0.02
2383.0,2.0,3.7,-36.37,0.0,279.12,416666.72,12.0,160.72,5.48,-934.91,0.02
2384.0,2.0,3.76,-65.67,0.0,297.86,625000.0,12.0,183.08,5.47,-940.91,0.22
2385.0,2.0,3.56,-87.48,0.0,260.07,625000.0,12.0,171.36,5.84,-908.77,0.22
2386.0,2.0,3.77,-91.64,0.0,263.79,4.294967296E9,12.0,166.72,5.54,-832.86,0.51
2387.0,2.0,3.61,-80.62,0.0,249.83,4.294967296E9,12.0,179.49,5.44,-711.12,0.51
2388.0,2.0,3.61,-54.31,0.0,258.93,4.294967296E9,12.0,162.79,5.69,-885.64,0.73
2389.0,2.0,3.59,-35.12,0.0,243.53,416666.72,12.0,182.96,5.1,-585.18,0.98
2390.0,2.0,3.62,-30.65,0.0,239.52,416666.72,12.0,165.23,5.43,-702.46,0.98
2391.0,2.0,3.51,-43.02,0.0,235.54,416666.72,12.0,182.43,5.58,-673.98,1.17
2392.0,2.0,3.66,-65.97,0.0,224.02,416666.72,12.0,168.46,5.71,-662.59,1.17
2393.0,2.0,3.71,-84.84,0.0,220.96,416666.72,12.0,178.27,5.45,-542.85,1.45
2394.0,2.0,3.68,-90.5,0.0,217.85,416666.72,12.0,166.51,5.49,-583.24,1.45
2395.0,2.0,3.78,-84.66,0.0,212.75,416666.72,12.0,180.83,5.32,-448.29,1.68
2396.0,2.0,3.69,-65.83,0.0,223.4,416666.72,12.0,166.1,5.38,-588.98,1.68
2397.0,2.0,3.8,-51.38,0.0,214.12,4.294967296E9,12.0,186.14,5.79,-532.42,1.97
2398.0,2.0,3.63,-49.82,0.0,196.65,0.0,12.0,164.34,5.5,-485.02,1.97
2399.0,2.0,3.61,-60.6,0.0,193.06,0.0,12.0,182.53,5.49,-400.97,2.23
2400.0,2.0,3.52,-72.75,0.0,190.4,105.3,12.0,169.0,5.6,-471.36,2.24
2401.0,2.0,3.7,-84.39,0.0,184.81,0.0,12.0,174.15,5.6,-390.58,2.51
2402.0,2.0,3.77,-93.53,0.0,182.58,75.96,12.0,183.49,5.65,-339.82,2.52
2403.0,2.0,3.67,-96.95,0.0,221.1,4.294967296E9,12.0,167.39,5.71,-648.16,2.74
2404.0,2.0,3.69,-96.54,0.0,179.0,0.0,12.0,178.3,5.39,-306.88,2.75
2405.0,2.0,3.53,-84.49,0.0,183.93,0.0,12.0,172.93,5.63,-425.08,3.01
2406.0,2.0,3.56,-71.14,0.0,173.41,242.77,12.0,168.45,5.35,-328.06,3.02
2407.0,2.0,3.47,-51.54,0.0,174.74,611.55,12.0,187.58,5.33,-280.46,3.26
2408.0,2.0,3.52,-36.26,0.0,177.09,85.72,12.0,167.52,5.71,-421.51,3.27
2409.0,2.0,3.45,-31.77,0.0,175.48,0.0,12.0,175.98,5.36,-333.44,3.52
2410.0,2.0,3.24,-33.87,0.0,183.89,0.0,12.0,184.22,5.92,-491.76,3.53
2411.0,2.0,3.26,-42.2,0.0,177.43,345.02,12.0,174.51,5.55,-415.83,3.81
2412.0,2.0,3.25,-47.1,0.0,181.19,0.0,12.0,191.57,5.7,-410.18,3.81
2413.0,2.0,3.38,-51.68,0.0,182.06,0.0,12.0,173.74,5.58,-428.65,4.07
2414.0,2.0,3.43,-53.22,0.0,182.06,204.05,12.0,179.81,5.84,-446.48,4.08
2415.0,2.0,3.35,-59.03,0.0,184.9,204.05,12.0,186.41,5.74,-436.85,4.31
2416.0,2.0,3.4,-62.41,0.0,194.21,204.05,12.0,173.05,5.54,-487.55,4.32
2417.0,2.0,3.37,-62.01,0.0,193.03,204.05,12.0,195.11,5.67,-436.96,4.57
2418.0,2.0,3.56,-54.2,0.0,201.17,0.0,12.0,175.08,5.78,-539.48,4.57
2419.0,2.0,3.61,-43.9,0.0,197.37,0.0,12.0,188.64,5.67,-438.1,4.89
2420.0,2.0,3.46,-40.05,0.0,203.63,416666.72,12.0,182.17,5.47,-483.55,4.89
2421.0,2.0,3.72,-46.57,0.0,203.15,1250000.0,12.0,182.08,5.66,-472.49,5.1
2422.0,2.0,3.74,-56.86,0.0,217.11,544288.19,12.0,183.32,5.84,-582.31,5.31
2423.0,2.0,3.76,-61.46,0.0,208.82,0.0,12.0,179.94,5.74,-522.05,5.31
2424.0,2.0,3.74,-61.65,0.0,221.22,250000.0,12.0,193.4,5.29,-446.94,5.53
2425.0,2.0,3.82,-56.08,0.0,226.36,625000.0,12.0,180.92,6.01,-669.31,5.53
2426.0,2.0,3.63,-50.22,0.0,233.15,0.0,12.0,193.62,5.66,-616.79,5.81
2427.0,2.0,3.77,-45.89,0.0,237.12,4.294967296E9,12.0,181.35,5.63,-651.3,5.97
2428.0,2.0,3.81,-43.97,0.0,237.22,625000.0,12.0,186.68,5.36,-560.25,5.97
2429.0,2.0,3.72,-42.65,0.0,241.44,416666.72,12.0,180.98,5.44,-640.19,6.18
2430.0,2.0,3.9,-41.71,0.0,255.98,666666.5,12.0,178.11,5.36,-677.42,6.38
2431.0,2.0,3.87,-37.32,0.0,264.18,4.294967296E9,12.0,195.09,5.78,-771.96,6.42
2432.0,2.0,4.17,-33.96,0.0,259.11,1250000.0,12.0,180.94,5.47,-662.81,6.62
2433.0,2.0,4.12,-25.18,0.0,274.52,789042.19,12.0,205.4,5.6,-691.06,6.62
2434.0,2.0,4.24,-27.44,0.0,291.82,4.294967296E9,12.0,194.0,5.61,-814.55,6.88
2435.0,2.0,4.48,-34.35,0.0,306.56,4.294967296E9,12.0,183.21,5.54,-877.56,7.08
2436.0,2.0,4.53,-41.23,0.0,323.32,625000.0,12.0,201.27,5.84,-976.44,7.08
2437.0,2.0,4.73,-52.83,0.0,336.55,4.294967296E9,12.0,205.92,5.76,-964.53,7.33
2438.0,2.0,5.21,-54.41,0.0,325.35,1212499.88,12.0,196.68,5.61,-800.51,7.53
2439.0,2.0,5.34,-33.99,0.0,349.28,625000.0,12.0,189.1,5.86,-1036.99,7.53
2440.0,2.0,5.73,-24.49,0.0,365.43,196875.0,12.0,185.74,5.77,-1044.24,7.76
2441.0,3.0,5.62,-36.62,0.0,373.33,750000.06,12.0,183.88,5.43,-993.78,7.77
2442.0,3.0,5.77,-55.17,0.0,427.56,1250000.0,12.0,187.79,6.34,-1627.18,8.05
2443.0,3.0,5.57,-45.64,0.0,403.96,599999.81,12.0,192.16,5.88,-1304.95,8.27
2444.0,3.0,5.39,-29.46,0.0,407.74,1250000.0,12.0,194.07,6.04,-1416.71,8.27
2445.0,3.0,5.48,-37.24,0.0,423.59,625000.0,12.0,181.27,6.09,-1586.3,8.54
2446.0,3.0,5.37,-49.99,0.0,414.44,4.294967296E9,12.0,167.41,5.91,-1550.35,8.75
2447.0,3.0,5.44,-46.21,0.0,420.31,0.0,12.0,187.78,5.56,-1315.4,8.75
2448.0,3.0,5.29,-26.44,0.0,470.34,506260.0,12.0,184.7,5.57,-1642.73,9.0
2449.0,3.0,5.53,-28.57,0.0,473.71,225034.56,12.0,181.21,5.66,-1679.11,9.28
2450.0,3.0,5.59,-36.14,0.0,412.81,416666.72,12.0,204.15,5.69,-1207.69,9.28
2451.0,3.0,5.49,-28.14,0.0,538.56,1012500.0,12.0,206.62,5.79,-1983.92,9.48
2452.0,3.0,5.28,-13.86,0.0,654.32,1131250.0,12.0,219.59,5.86,-2674.88,9.68
2453.0,3.0,5.04,-8.97,0.0,502.46,4.294967296E9,12.0,184.49,6.06,-2115.08,9.69
2454.0,3.0,5.36,-14.77,0.0,482.47,1031250.0,12.0,182.91,5.68,-1760.03,10.01
2455.0,3.0,5.24,-26.72,0.0,511.06,69.67,12.0,196.61,5.86,-1964.58,10.19
2456.0,3.0,5.53,-37.57,0.0,505.08,956250.0,12.0,180.49,5.72,-1890.95,10.19
2457.0,3.0,5.88,-40.08,0.0,497.2,512513.69,12.0,184.99,5.62,-1706.52,10.5
2458.0,3.0,6.12,-38.5,0.0,566.93,4.294967296E9,12.0,198.27,6.04,-2210.84,10.69
2459.0,3.0,6.45,-36.4,0.0,547.96,550046.88,12.0,186.14,10.78,-4706.41,10.95
2460.0,3.0,6.59,-39.28,0.0,467.66,4125.95,12.0,177.74,5.45,-1377.44,10.95
2461.0,3.0,6.54,-57.42,0.0,443.53,1016665.94,12.0,200.19,6.67,-1649.1,11.2
2462.0,3.0,6.43,-39.45,0.0,457.36,4.294967296E9,12.0,185.19,5.71,-1420.75,11.39
2463.0,3.0,6.67,-38.57,0.0,476.3,4.294967296E9,12.0,242.23,5.73,-1113.52,11.59
2464.0,3.0,6.75,-64.24,0.0,513.58,4.294967296E9,12.0,207.06,6.39,-1884.12,11.82
2465.0,3.0,6.51,-59.04,0.0,448.88,625000.0,12.0,191.58,6.84,-1823.15,11.83
2466.0,3.0,6.47,-27.39,0.0,444.53,1043750.0,12.0,203.92,7.05,-1814.57,12.08
2467.0,3.0,6.31,-25.18,0.0,474.69,602159.5,12.0,216.87,6.08,-1517.67,12.29
2468.0,3.0,6.08,-54.48,0.0,480.94,791666.25,12.0,217.44,5.97,-1549.18,12.48
2469.0,3.0,5.91,-56.8,0.0,453.14,883332.19,12.0,150.87,6.3,-1963.14,12.49
2470.0,3.0,5.91,-37.65,0.0,462.54,550072.31,12.0,204.95,6.85,-1957.14,12.82
2471.0,3.0,6.12,-27.26,0.0,461.88,520664.44,12.0,202.27,7.41,-2184.64,13.0
2472.0,3.0,6.45,-40.5,0.0,471.21,4.294967296E9,12.0,195.89,7.35,-2199.9,13.2
2473.0,3.0,6.89,-25.31,0.0,479.14,529166.69,12.0,210.75,6.79,-1801.29,13.4
2474.0,3.0,6.73,-23.26,0.0,470.0,931291.5,12.0,338.37,6.81,-923.47,13.41
2475.0,3.0,6.51,-28.27,0.0,507.34,4.294967296E9,12.0,120.0,6.01,-2267.91,13.75
2476.0,3.0,6.09,-41.9,0.0,500.57,4.294967296E9,12.0,199.15,6.52,-2050.89,13.9
2477.0,3.0,6.48,-36.38,0.0,489.96,575077.44,12.0,169.02,7.32,-2491.26,14.11
2478.0,3.0,6.73,-46.34,0.0,538.73,4.294967296E9,12.0,155.93,5.57,-1951.32,14.32
2479.0,3.0,7.0,-51.53,0.0,556.55,114784.11,12.0,179.03,6.9,-2586.99,14.51
2480.0,3.0,6.58,-27.14,0.0,561.57,141765.34,12.0,194.46,6.37,-2297.65,14.7
2481.0,3.0,6.48,-9.28,0.0,548.12,4.294967296E9,12.0,269.93,6.07,-1577.94,14.9
2482.0,3.0,6.34,-42.74,0.0,554.86,841666.25,12.0,223.57,6.28,-2067.09,14.91
2483.0,3.0,6.17,-43.49,0.0,526.14,987500.0,12.0,145.12,7.03,-2803.37,15.3
2484.0,3.0,6.14,-17.09,0.0,540.79,779167.19,12.0,151.48,6.35,-2503.93,15.43
2485.0,3.0,5.93,-41.68,0.0,557.09,4.294967296E9,12.0,149.45,5.66,-2266.89,15.65
2486.0,3.0,6.46,-51.75,0.0,560.34,683124.94,12.0,138.95,5.69,-2290.72,15.85
2487.0,3.0,6.51,-22.53,0.0,542.01,4.294967296E9,12.0,108.46,5.6,-2329.18,16.05
2488.0,3.0,6.89,-48.42,0.0,529.01,4.294967296E9,12.0,154.35,5.63,-1914.85,16.25
2489.0,3.0,6.57,-55.08,0.0,549.92,4.294967296E9,12.0,142.21,5.99,-2359.7,16.44
2490.0,3.0,6.38,-19.06,0.0,561.69,769497.5,12.0,112.83,5.95,-2622.2,16.64
2491.0,3.0,6.42,-40.6,0.0,558.43,4.294967296E9,12.0,137.16,5.69,-2296.9,16.85
2492.0,3.0,6.36,-54.55,0.0,585.61,390681.53,12.0,158.97,5.74,-2350.35,17.04
2493.0,3.0,6.12,-25.39,0.0,551.86,4.294967296E9,12.0,123.76,5.89,-2493.04,17.24
2494.0,3.0,6.05,-33.07,0.0,526.12,1000029.63,12.0,143.7,5.69,-2124.24,17.57
2495.0,3.0,6.0,-36.81,0.0,528.96,812550.38,12.0,106.22,5.66,-2356.59,17.67
2496.0,3.0,6.18,-17.88,0.0,548.43,4.294967296E9,12.0,165.95,5.73,-2116.93,17.88
2497.0,3.0,6.14,-26.95,0.0,532.21,619871.25,12.0,214.6,6.82,-2312.03,18.05
2498.0,3.0,6.15,-51.91,0.0,545.53,4.294967296E9,12.0,175.28,6.16,-2282.49,18.25
2499.0,3.0,5.94,-28.77,0.0,548.22,260473.78,12.0,230.74,5.92,-1874.87,18.46
2500.0,3.0,6.07,-7.97,0.0,560.56,4.294967296E9,12.0,193.67,6.6,-2524.12,18.69
2501.0,3.0,6.3,-34.07,0.0,550.36,4.294967296E9,12.0,143.94,6.69,-2775.09,18.85
2502.0,3.0,6.7,-46.82,0.0,549.77,437540.44,12.0,176.28,6.05,-2145.03,19.05
2503.0,3.0,6.56,-23.85,0.0,570.12,4.294967296E9,12.0,140.13,6.55,-2815.03,19.26
2504.0,3.0,6.59,-41.51,0.0,584.06,4.294967296E9,12.0,139.86,5.93,-2541.8,19.45
2505.0,3.0,6.57,-41.94,0.0,552.39,662557.06,12.0,148.06,6.43,-2579.11,19.67
2506.0,3.0,6.45,-11.95,0.0,554.79,813.44,12.0,138.98,6.7,-2820.67,19.88
2507.0,3.0,6.28,-26.3,0.0,558.5,808909.06,12.0,136.47,5.96,-2471.63,19.88
2508.0,3.0,6.34,-41.89,0.0,580.57,4.294967296E9,12.0,139.99,6.3,-2770.05,20.22
2509.0,3.0,6.41,-24.07,0.0,562.29,850037.44,12.0,129.18,6.63,-2899.94,20.43
2510.0,3.0,6.36,-26.21,0.0,559.27,250065.8,12.0,136.02,6.76,-2915.58,20.62
2511.0,3.0,6.33,-33.65,0.0,572.82,883332.19,12.0,145.28,5.94,-2482.93,20.83
2512.0,3.0,5.81,-39.35,0.0,566.27,4.294967296E9,12.0,148.61,6.23,-2664.44,21.03
2513.0,3.0,5.58,-20.36,0.0,575.45,4.294967296E9,12.0,129.43,5.51,-2448.51,21.24
2514.0,3.0,5.73,-29.87,0.0,576.21,372916.53,12.0,116.71,5.64,-2581.08,21.43
2515.0,3.0,5.94,-59.79,0.0,548.44,750000.81,12.0,125.42,5.95,-2518.22,21.63
2516.0,3.0,6.02,-22.91,0.0,547.57,156790.53,12.0,186.46,6.05,-2190.31,21.84
2517.0,3.0,5.9,-5.94,0.0,533.11,675047.81,12.0,148.07,6.29,-2479.65,22.03
2518.0,3.0,5.8,-32.83,0.0,535.76,475065.44,12.0,187.46,6.89,-2604.12,22.23
2519.0,3.0,5.8,-53.07,0.0,544.96,137751.14,12.0,235.95,6.38,-2108.33,22.44
2520.0,3.0,5.92,-25.2,0.0,547.43,1006250.0,12.0,216.53,6.39,-2216.22,22.63
2521.0,3.0,5.89,-19.99,0.0,543.65,1250000.0,12.0,152.21,6.35,-2555.66,22.86
2522.0,3.0,6.0,-48.53,0.0,520.61,297516.31,12.0,128.69,5.43,-2054.77,22.87
2523.0,3.0,6.17,-47.62,0.0,527.02,478140.13,12.0,198.69,7.01,-2468.49,23.16
2524.0,3.0,6.04,-24.82,0.0,526.74,941680.06,12.0,203.96,6.06,-1960.13,23.38
2525.0,3.0,5.91,-36.52,0.0,517.94,4.294967296E9,12.0,135.51,6.86,-2752.2,23.57
2526.0,3.0,5.95,-51.81,0.0,544.36,4.294967296E9,12.0,179.63,6.16,-2284.46,23.78
2527.0,3.0,5.92,-40.51,0.0,527.47,1250000.0,12.0,208.75,6.36,-2118.91,23.98
2528.0,3.0,5.87,-37.59,0.0,517.34,700036.81,12.0,169.76,6.3,-2262.75,24.17
2529.0,3.0,5.65,-30.9,0.0,514.14,4.294967296E9,12.0,130.59,5.9,-2295.59,24.17
2530.0,3.0,5.51,-30.67,0.0,491.09,1141666.38,12.0,160.34,7.11,-2608.18,24.51
2531.0,3.0,5.45,-46.82,0.0,490.45,912500.0,12.0,193.16,6.02,-1899.79,24.72
2532.0,3.0,5.24,-47.49,0.0,498.04,87574.35,12.0,134.93,5.79,-2176.62,24.95
2533.0,3.0,5.18,-29.39,0.0,436.32,4.294967296E9,12.0,170.88,6.47,-1937.83,25.1
2534.0,3.0,5.15,-18.28,0.0,471.36,4.294967296E9,12.0,161.41,5.71,-1860.2,25.3
2535.0,3.0,5.05,-18.07,0.0,449.5,4.294967296E9,12.0,184.15,5.63,-1600.73,25.31
2536.0,3.0,4.77,-25.55,0.0,525.01,4.294967296E9,12.0,158.89,6.74,-2780.66,25.6
2537.0,3.0,4.45,-29.33,0.0,507.14,119656.83,12.0,155.49,6.85,-2781.98,25.8
2538.0,3.0,4.48,-29.43,0.0,550.49,4.294967296E9,12.0,142.85,5.81,-2558.38,26.01
2539.0,3.0,4.45,-28.92,0.0,533.51,187566.3,12.0,178.01,7.07,-2979.77,26.01
2540.0,3.0,4.08,-28.28,0.0,475.65,125068.71,12.0,156.48,6.0,-2215.46,26.28
2541.0,3.0,4.11,-28.81,0.0,538.96,1200000.0,12.0,138.26,5.9,-2611.62,26.49
2542.0,3.0,3.96,-28.67,0.0,408.03,4.294967296E9,12.0,153.8,6.24,-1937.06,26.49
2543.0,3.0,4.17,-31.86,0.0,429.58,4.294967296E9,12.0,161.31,6.38,-2068.06,26.78
2544.0,3.0,4.3,-40.94,0.0,450.68,66432.05,12.0,161.01,6.45,-2214.54,26.97
2545.0,3.0,4.21,-44.88,0.0,449.03,262556.53,12.0,176.19,6.37,-2118.56,26.97
2546.0,3.0,4.36,-39.92,0.0,450.83,4.294967296E9,12.0,176.15,6.02,-1945.98,27.26
2547.0,3.0,4.33,-36.31,0.0,401.49,1250000.0,12.0,177.16,6.33,-1774.33,27.47
2548.0,3.0,4.04,-36.64,0.0,406.05,63166.66,12.0,170.34,5.78,-1658.8,27.47
2549.0,3.0,4.17,-39.11,0.0,377.8,693750.0,12.0,168.25,6.05,-1584.09,27.72
2550.0,3.0,4.04,-44.89,0.0,378.41,625000.0,12.0,165.9,5.99,-1596.44,27.94
2551.0,3.0,4.02,-48.01,0.0,375.96,1131250.0,12.0,148.07,6.36,-1795.86,27.94
2552.0,3.0,4.01,-40.48,0.0,339.75,1119.98,12.0,162.8,6.42,-1528.37,28.2
2553.0,3.0,4.26,-33.74,0.0,345.04,1063120.88,12.0,137.95,6.05,-1499.83,28.4
2554.0,3.0,4.24,-34.75,0.0,347.77,4.294967296E9,12.0,156.6,6.23,-1502.62,28.4
2555.0,3.0,4.05,-42.09,0.0,343.31,4.294967296E9,12.0,159.92,6.39,-1546.07,28.66
2556.0,3.0,4.18,-54.47,0.0,345.08,218794.2,12.0,179.84,6.76,-1581.01,28.84
2557.0,3.0,4.08,-58.07,0.0,347.89,4.294967296E9,12.0,167.78,6.47,-1566.31,28.85
2558.0,3.0,4.18,-46.05,0.0,342.09,931250.0,12.0,157.06,6.5,-1567.07,29.15
2559.0,3.0,4.19,-26.09,0.0,333.52,4.294967296E9,12.0,152.86,6.06,-1380.65,29.15
2560.0,3.0,4.33,-24.86,0.0,381.64,210416.31,12.0,163.37,6.74,-1864.86,29.44
2561.0,3.0,4.28,-40.86,0.0,354.29,187535.42,12.0,175.33,6.22,-1453.27,29.62
2562.0,3.0,4.22,-47.85,0.0,384.16,1250000.0,12.0,175.67,7.06,-1970.84,29.62
2563.0,3.0,4.35,-42.12,0.0,360.56,4139.07,12.0,175.94,6.38,-1535.03,29.88
2564.0,3.0,4.4,-38.45,0.0,369.4,233360.81,12.0,153.3,6.3,-1652.7,29.89
2565.0,3.0,4.47,-49.16,0.0,364.0,1168750.0,12.0,160.86,6.99,-1825.32,30.18
2566.0,3.0,4.42,-69.9,0.0,348.31,4.294967296E9,12.0,159.71,6.54,-1572.03,30.18
2567.0,3.0,4.07,-81.13,0.0,335.49,246291.69,12.0,157.64,6.24,-1451.86,30.5
2568.0,3.0,4.21,-73.22,0.0,326.96,581254.31,12.0,161.16,6.44,-1427.14,30.54
2569.0,3.0,3.98,-55.86,0.0,334.17,61.78,12.0,175.12,6.62,-1515.23,30.75
2570.0,3.0,3.87,-33.12,0.0,321.14,4.294967296E9,12.0,166.68,5.92,-1256.1,30.96
2571.0,3.0,3.85,-23.81,0.0,317.89,60.75,12.0,149.22,6.85,-1603.05,30.96
2572.0,3.0,3.74,-28.28,0.0,330.99,43801.94,12.0,159.76,6.41,-1524.14,31.19
2573.0,3.0,3.78,-44.11,0.0,306.19,58.59,12.0,164.67,6.85,-1474.95,31.4
2574.0,3.0,3.71,-54.32,0.0,286.1,416666.72,12.0,165.62,6.45,-1230.89,31.4
2575.0,3.0,3.84,-46.22,0.0,281.7,4.294967296E9,12.0,148.51,6.18,-1170.63,31.65
2576.0,3.0,3.84,-31.38,0.0,291.18,290000.0,12.0,186.46,6.53,-1185.4,31.83
2577.0,3.0,3.97,-22.49,0.0,291.23,625000.0,12.0,159.91,6.36,-1217.38,31.84
2578.0,3.0,4.22,-30.67,0.0,285.44,312500.0,12.0,148.63,5.85,-1042.61,32.09
2579.0,3.0,4.19,-39.55,0.0,278.36,4.294967296E9,12.0,175.11,6.31,-1022.74,32.09
2580.0,3.0,4.49,-43.19,0.0,280.51,50.48,12.0,165.38,6.32,-1030.27,32.36
2581.0,3.0,4.41,-33.25,0.0,298.22,600025.69,12.0,157.98,6.41,-1214.9,32.36
2582.0,3.0,4.34,-20.85,0.0,299.46,1250000.0,12.0,172.47,6.06,-1066.21,32.68
2583.0,3.0,4.49,-14.79,0.0,300.07,856248.31,12.0,175.5,6.28,-1096.44,32.68
2584.0,3.0,4.46,-31.64,0.0,312.86,312500.0,12.0,149.13,6.92,-1499.87,32.96
2585.0,3.0,4.62,-58.14,0.0,297.9,1162500.0,12.0,160.72,6.75,-1268.3,32.96
2586.0,3.0,4.55,-65.45,0.0,291.06,962500.0,12.0,182.5,6.63,-1099.35,33.22
2587.0,3.0,4.6,-44.58,0.0,295.88,37500.0,12.0,158.94,6.62,-1227.6,33.43
2588.0,3.0,4.66,-23.83,0.0,287.82,250000.0,12.0,145.94,6.34,-1144.7,33.43
2589.0,3.0,4.46,-24.81,0.0,278.23,0.0,12.0,170.57,6.25,-978.2,33.65
2591.0,3.0,4.24,-55.87,0.0,291.74,468750.16,12.0,158.51,6.07,-1098.78,33.85
2592.0,3.0,4.3,-57.32,0.0,279.73,625000.0,12.0,174.45,6.82,-1157.62,34.07
2594.0,3.0,4.08,-53.46,0.0,273.21,416666.72,12.0,157.77,6.89,-1238.72,34.29
2595.0,3.0,3.99,-58.26,0.0,271.04,4.294967296E9,12.0,178.71,6.32,-999.92,34.51
2596.0,3.0,3.85,-63.0,0.0,262.75,625000.0,12.0,149.0,5.77,-942.42,34.7
2597.0,3.0,3.62,-57.81,0.0,261.6,128.75,12.0,180.11,6.53,-1056.25,34.7
2598.0,3.0,3.7,-54.65,0.0,249.12,412579.72,12.0,159.48,6.53,-1036.68,34.93
2599.0,3.0,3.59,-53.15,0.0,250.1,0.0,12.0,162.02,6.49,-1041.5,35.12
2600.0,3.0,3.9,-51.64,0.0,255.73,416666.72,12.0,164.75,6.36,-983.92,35.12
2601.0,3.0,3.81,-49.65,0.0,244.15,1100495.0,12.0,150.25,5.94,-877.8,35.34
2602.0,3.0,3.84,-49.22,0.0,239.05,987500.0,12.0,175.31,6.29,-830.43,35.56
2603.0,3.0,3.83,-50.08,0.0,253.48,1250000.0,12.0,154.14,5.87,-897.57,35.56
2604.0,3.0,3.81,-46.9,0.0,238.22,1250000.0,12.0,162.46,6.6,-953.28,35.76
2605.0,3.0,3.83,-39.8,0.0,238.38,416666.72,12.0,151.32,6.51,-972.3,35.77
2606.0,3.0,3.9,-39.05,0.0,238.87,16556.34,12.0,171.46,6.67,-924.57,36.08
2607.0,3.0,3.75,-37.5,0.0,235.69,416666.72,12.0,165.52,6.71,-960.78,36.08
2608.0,3.0,3.97,-40.93,0.0,252.38,0.0,12.0,170.29,6.4,-939.18,36.32
2609.0,3.0,3.94,-49.69,0.0,231.42,4.294967296E9,12.0,157.24,6.61,-910.16,36.32
2610.0,3.0,4.29,-60.57,0.0,234.01,1250000.0,12.0,163.68,6.59,-839.94,36.58
2611.0,3.0,4.19,-63.4,0.0,234.81,0.0,12.0,165.51,6.27,-778.77,36.78
2612.0,3.0,4.23,-54.01,0.0,238.21,625000.0,12.0,164.39,6.5,-853.0,36.78
2613.0,3.0,4.42,-38.47,0.0,243.44,4.294967296E9,12.0,173.22,6.04,-704.75,36.99
2614.0,3.0,4.63,-30.91,0.0,247.03,4.294967296E9,12.0,155.57,6.13,-794.0,37.19
2615.0,3.0,4.46,-41.34,0.0,241.49,491666.59,12.0,180.1,6.85,-850.96,37.19
2616.0,3.0,4.81,-63.35,0.0,250.9,1250000.0,12.0,153.73,6.59,-913.99,37.41
2617.0,3.0,4.84,-72.26,0.0,256.74,625000.0,12.0,175.31,6.18,-738.15,37.62
2618.0,3.0,4.67,-66.0,0.0,254.74,4.294967296E9,12.0,165.86,6.83,-965.31,37.62
2619.0,3.0,4.86,-45.47,0.0,265.57,625000.0,12.0,159.22,6.18,-867.41,37.83
2620.0,3.0,4.7,-32.35,0.0,260.05,1250000.0,12.0,173.82,7.98,-1258.24,37.83
2621.0,3.0,4.95,-47.69,0.0,247.81,0.0,12.0,153.32,8.31,-1300.37,38.11
2622.0,3.0,4.78,-71.43,0.0,246.74,1250000.0,12.0,174.65,7.27,-958.97,38.32
2623.0,3.0,4.54,-84.21,0.0,239.43,625000.0,12.0,160.08,6.9,-925.3,38.32
2624.0,3.0,4.6,-80.74,0.0,237.5,0.0,12.0,168.41,6.3,-721.56,38.52
2625.0,3.0,4.42,-60.67,0.0,239.43,4.294967296E9,12.0,161.53,7.08,-981.2,38.52
2626.0,3.0,4.5,-34.88,0.0,240.11,733333.25,12.0,161.95,7.03,-959.2,38.8
2629.0,3.0,4.3,-61.13,0.0,239.27,215232.41,12.0,162.38,6.2,-785.24,38.99
2630.0,3.0,4.23,-79.13,0.0,234.46,1250000.0,12.0,156.36,6.21,-794.59,39.36
2631.0,3.0,4.16,-76.18,0.0,227.56,312500.0,12.0,172.07,6.41,-742.85,39.36
2633.0,3.0,3.92,-23.15,0.0,227.05,4.294967296E9,12.0,177.69,7.05,-904.16,39.63
2634.0,3.0,3.92,-11.45,0.0,221.07,1250000.0,12.0,151.34,6.73,-894.55,39.89
2635.0,3.0,3.78,-13.13,0.0,219.58,4139.07,12.0,170.69,6.51,-784.26,39.94
2636.0,3.0,3.97,-28.35,0.0,224.2,416666.72,12.0,158.46,6.2,-760.95,40.16
2638.0,3.0,4.21,-57.69,0.0,212.33,625000.0,12.0,153.93,6.22,-672.65,40.16
2639.0,3.0,4.06,-54.67,0.0,211.26,0.0,12.0,170.4,6.03,-582.07,40.61
2640.0,3.0,4.4,-44.8,0.0,220.77,625000.0,12.0,163.1,6.33,-679.83,40.62
2641.0,3.0,4.24,-41.75,0.0,212.07,0.0,12.0,161.51,7.67,-941.77,40.84
2642.0,3.0,4.42,-43.63,0.0,210.15,1250000.0,12.0,167.12,8.49,-1045.5,41.03
2643.0,3.0,4.4,-49.77,0.0,206.91,4.294967296E9,12.0,165.66,7.72,-868.44,41.03
2644.0,3.0,4.49,-54.12,0.0,221.02,231250.0,12.0,169.04,6.24,-620.18,41.25
2646.0,3.0,4.4,-56.47,0.0,206.17,625000.0,12.0,168.98,6.8,-658.44,41.25
2647.0,3.0,4.62,-57.05,0.0,222.52,0.0,12.0,156.46,7.27,-894.88,41.65
2649.0,3.0,4.58,-60.71,0.0,198.58,625000.0,12.0,152.77,6.8,-650.66,41.65
2650.0,3.0,4.61,-54.46,0.0,188.97,1250000.0,12.0,167.02,7.77,-698.33,42.07
2651.0,3.0,4.82,-49.54,0.0,185.53,1250000.0,12.0,158.07,7.42,-614.74,42.07
2652.0,3.0,4.73,-50.21,0.0,183.34,1250000.0,12.0,158.71,7.82,-683.02,42.38
2653.0,3.0,4.95,-55.79,0.0,185.12,0.0,12.0,168.32,7.42,-540.41,42.38
2654.0,3.0,5.09,-59.23,0.0,186.23,4.294967296E9,12.0,157.14,7.0,-503.77,42.66
2655.0,3.0,4.98,-62.79,0.0,176.06,437500.0,12.0,163.75,6.62,-350.04,42.74
2656.0,3.0,4.96,-53.86,0.0,176.85,4.294967296E9,12.0,157.18,7.13,-481.33,42.74
2657.0,3.0,4.85,-42.8,0.0,173.51,625000.0,12.0,164.17,7.48,-501.63,42.97
2658.0,3.0,5.01,-43.78,0.0,193.53,1250000.0,12.0,172.77,6.85,-460.1,42.97
2659.0,3.0,4.97,-49.8,0.0,193.15,0.0,12.0,159.03,6.45,-455.44,43.25
2660.0,3.0,4.77,-57.48,0.0,171.48,416666.72,12.0,159.39,7.46,-518.95,43.25
2661.0,3.0,4.86,-57.48,0.0,172.76,0.0,12.0,171.46,7.94,-538.42,43.46
2662.0,3.0,4.86,-56.96,0.0,167.49,1250000.0,12.0,150.67,7.85,-582.54,43.67
2664.0,3.0,4.61,-60.89,0.0,166.5,1200000.0,12.0,157.97,6.87,-415.61,43.68
2665.0,3.0,4.78,-65.82,0.0,165.05,0.0,12.0,155.65,6.88,-391.54,43.98
2666.0,3.0,4.78,-61.48,0.0,161.78,1250000.0,12.0,169.53,7.49,-401.38,43.99
2667.0,3.0,4.71,-54.39,0.0,165.09,1250000.0,12.0,160.81,7.18,-427.93,44.26
2668.0,3.0,4.8,-55.27,0.0,160.75,1250000.0,12.0,159.17,6.99,-359.63,44.26
2669.0,3.0,4.64,-59.63,0.0,161.29,1250000.0,12.0,176.78,6.75,-268.45,44.53
2670.0,3.0,4.66,-62.93,0.0,168.0,4.294967296E9,12.0,157.88,6.55,-364.68,44.54
2672.0,3.0,4.61,-58.62,0.0,164.99,4152.82,12.0,173.52,7.57,-449.05,44.78
2673.0,3.0,4.31,-54.82,0.0,164.3,4166.66,12.0,156.44,8.21,-674.65,45.02
2674.0,3.0,4.46,-58.38,0.0,179.53,4166.66,12.0,162.69,7.58,-635.24,45.06
2675.0,3.0,4.23,-60.29,0.0,163.04,0.0,12.0,170.34,6.98,-417.48,45.29
2676.0,3.0,4.38,-64.04,0.0,161.43,0.0,12.0,153.87,6.58,-388.26,45.29
2677.0,3.0,4.07,-65.55,0.0,158.59,416666.72,12.0,162.3,6.63,-390.89,45.56
2678.0,3.0,4.33,-63.37,0.0,158.56,0.0,12.0,169.39,7.17,-403.42,45.57
2679.0,3.0,4.13,-63.48,0.0,158.24,625000.0,12.0,156.34,7.37,-520.54,45.8
2680.0,3.0,4.29,-68.11,0.0,155.36,0.0,12.0,164.38,6.74,-341.94,45.8
2681.0,3.0,4.17,-73.04,0.0,154.6,416666.72,12.0,167.97,6.86,-360.12,46.08
2682.0,3.0,4.29,-70.45,0.0,151.27,1250000.0,12.0,155.52,7.47,-462.81,46.08
2683.0,3.0,4.16,-62.72,0.0,148.71,625000.0,12.0,165.49,7.41,-413.5,46.33
2684.0,3.0,4.13,-53.98,0.0,145.65,625000.0,12.0,166.57,7.25,-368.03,46.33
2685.0,3.0,3.97,-45.32,0.0,143.87,625000.0,12.0,152.65,7.01,-402.51,46.57
2686.0,3.0,3.93,-42.09,0.0,137.8,625000.0,12.0,158.71,7.41,-397.37,46.76
2687.0,3.0,3.83,-42.15,0.0,135.41,1250000.0,12.0,172.57,7.43,-345.15,46.76
2688.0,3.0,4.01,-45.99,0.0,130.76,0.0,12.0,152.79,6.9,-289.56,46.97
2689.0,3.0,4.06,-47.45,0.0,130.95,1250000.0,12.0,150.35,6.59,-252.54,46.97
2691.0,3.0,4.01,-51.2,0.0,122.87,4.294967296E9,12.0,168.34,7.55,-252.63,47.24
2695.0,3.0,3.97,-45.56,0.0,105.88,1250000.0,12.0,166.65,7.33,-114.5,47.46
2696.0,3.0,3.83,-57.02,0.0,102.32,1250000.0,12.0,154.55,6.74,-97.71,47.98
2697.0,3.0,4.01,-64.65,0.0,98.15,0.0,12.0,145.06,7.6,-164.25,48.02
2698.0,3.0,4.08,-66.31,0.0,90.07,1250000.0,12.0,151.15,8.16,-118.28,48.19
2700.0,3.0,4.03,-61.35,0.0,76.27,1250000.0,12.0,166.77,6.78,154.97,48.19
2702.0,3.0,3.84,-61.14,0.0,91.61,416666.72,12.0,153.09,7.15,-67.15,48.56
2703.0,3.0,3.67,-64.83,0.0,65.45,416666.72,12.0,149.56,7.87,33.79,48.79
2705.0,3.0,4.05,-62.22,0.0,53.83,0.0,12.0,154.96,6.72,265.85,48.8
2706.0,3.0,3.96,-56.71,0.0,51.05,1250000.0,12.0,155.74,7.26,246.11,49.24
2709.0,3.0,4.16,-56.47,0.0,36.78,0.0,12.0,165.47,7.01,430.53,49.36
2711.0,3.0,4.4,-56.92,0.0,28.93,0.0,12.0,162.06,6.9,513.45,49.61
2712.0,3.0,4.3,-54.09,0.0,26.01,1250000.0,12.0,161.25,6.65,520.41,49.88
2713.0,3.0,4.48,-56.55,0.0,20.65,1250000.0,12.0,159.82,7.32,564.84,49.88
2714.0,3.0,4.48,-60.81,0.0,0.0,1250000.0,12.0,154.89,7.15,693.91,50.13
2715.0,3.0,4.39,-61.83,0.0,0.0,1250000.0,12.0,153.56,7.31,674.13,50.14
2716.0,3.0,4.38,-61.83,0.0,0.0,1250000.0,12.0,150.78,7.09,660.42,50.34
2717.0,3.0,4.1,-57.69,0.0,0.0,1250000.0,12.0,152.33,6.9,624.55,50.34
2720.0,3.0,4.32,-37.03,0.0,0.0,1250000.0,12.0,147.88,5.43,638.84,50.55
2721.0,3.0,4.1,-33.1,0.0,0.0,1250000.0,12.0,151.5,5.91,621.15,50.94
2722.0,3.0,4.25,-40.15,0.0,0.0,1250000.0,12.0,149.13,5.69,633.8,50.94
2723.0,3.0,4.27,-51.58,0.0,0.0,1250000.0,12.0,150.62,5.88,643.15,51.15
2724.0,3.0,4.15,-61.4,0.0,0.0,1250000.0,12.0,152.77,5.91,634.0,51.16
2725.0,3.0,4.41,-62.5,0.0,0.0,1250000.0,12.0,150.18,5.97,662.29,51.36
2726.0,3.0,4.29,-60.6,0.0,0.0,1250000.0,12.0,151.97,5.87,651.95,51.36
2728.0,3.0,4.1,-42.79,0.0,0.0,1250000.0,12.0,150.82,5.9,618.36,51.58
2729.0,3.0,4.3,-35.64,0.0,0.0,1250000.0,12.0,151.2,5.93,650.16,51.8
2730.0,3.0,4.28,-34.68,0.0,0.0,1250000.0,12.0,149.81,6.15,641.19,51.8
2731.0,3.0,4.18,-36.44,0.0,0.0,1250000.0,12.0,154.68,6.45,646.56,52.03
2732.0,3.0,4.25,-43.95,0.0,0.0,1250000.0,12.0,149.05,6.25,633.46,52.03
2733.0,3.0,4.09,-48.84,0.0,0.0,1250000.0,12.0,153.33,6.48,627.12,52.29
2734.0,3.0,4.07,-54.01,0.0,0.0,1250000.0,12.0,149.81,5.98,609.73,52.29
2735.0,3.0,3.97,-51.24,0.0,0.0,1250000.0,12.0,149.5,5.99,593.52,52.49
2736.0,3.0,4.05,-40.82,0.0,0.0,1250000.0,12.0,151.46,6.39,613.41,52.5
2737.0,3.0,4.02,-30.17,0.0,0.0,1250000.0,12.0,151.24,6.54,607.98,52.72
2739.0,3.0,3.76,-25.88,0.0,0.0,1250000.0,12.0,147.37,5.85,554.11,52.72
2740.0,3.0,3.69,-35.33,0.0,0.0,1250000.0,12.0,151.53,6.36,559.15,53.11
2741.0,3.0,3.83,-53.11,0.0,0.0,1250000.0,12.0,149.41,5.81,572.24,53.11
2742.0,3.0,3.84,-64.69,0.0,0.0,1250000.0,12.0,151.27,6.17,580.88,53.31
2743.0,3.0,3.65,-68.4,0.0,0.0,1250000.0,12.0,154.62,6.53,564.36,53.32
2744.0,3.0,3.65,-71.18,0.0,0.0,1250000.0,12.0,148.97,6.28,543.74,53.51
2745.0,3.0,3.54,-68.69,0.0,0.0,1250000.0,12.0,149.77,6.1,530.19,53.51
2746.0,3.0,3.56,-64.14,0.0,0.0,1250000.0,12.0,149.26,5.89,531.37,53.79
2749.0,3.0,3.49,-50.99,0.0,0.0,1250000.0,12.0,148.45,5.98,518.09,53.79
2750.0,3.0,3.5,-49.2,0.0,0.0,1250000.0,12.0,154.6,6.32,541.1,54.21
2751.0,3.0,3.37,-51.21,0.0,0.0,1250000.0,12.0,149.51,6.07,503.85,54.21
2752.0,3.0,3.47,-53.39,0.0,0.0,1250000.0,12.0,149.27,5.99,517.97,54.42
2753.0,3.0,3.49,-57.19,0.0,0.0,1250000.0,12.0,151.36,6.24,528.25,54.43
2754.0,3.0,3.36,-63.94,0.0,0.0,1250000.0,12.0,149.89,6.0,503.63,54.66
2755.0,3.0,3.46,-70.42,0.0,0.0,1250000.0,12.0,152.99,6.35,529.35,54.66
2760.0,3.0,3.39,-64.28,0.0,0.0,1250000.0,12.0,147.55,5.79,500.19,54.88
2761.0,3.0,3.54,-52.1,0.0,0.0,1250000.0,12.0,151.63,6.3,536.77,55.45
2762.0,3.0,3.61,-50.61,0.0,0.0,1250000.0,12.0,149.33,6.05,539.08,55.45
2765.0,3.0,3.64,-62.42,0.0,0.0,1250000.0,12.0,149.38,6.02,543.74,55.67
2766.0,3.0,3.71,-68.76,0.0,0.0,1250000.0,12.0,148.71,5.93,551.71,56.02
2769.0,3.0,3.55,-69.07,0.0,0.0,1250000.0,12.0,149.76,6.02,531.65,56.06
2771.0,3.0,3.68,-50.23,0.0,0.0,1250000.0,12.0,151.3,6.1,556.78,56.47
2772.0,3.0,3.69,-44.03,0.0,0.0,1250000.0,12.0,149.81,6.11,552.8,56.72
2773.0,3.0,3.56,-43.44,0.0,0.0,1250000.0,12.0,149.08,5.82,530.72,56.73
2774.0,3.0,3.73,-49.73,0.0,0.0,1250000.0,12.0,150.32,5.89,560.69,56.94
2775.0,3.0,3.71,-61.71,0.0,0.0,1250000.0,12.0,150.0,5.96,556.5,56.94
2776.0,3.0,3.54,-72.99,0.0,0.0,1250000.0,12.0,146.87,5.64,519.92,57.23
2777.0,3.0,3.62,-76.2,0.0,0.0,1250000.0,12.0,147.18,5.99,532.79,57.23
2778.0,3.0,3.6,-70.09,0.0,0.0,1250000.0,12.0,149.76,6.07,539.14,57.42
2779.0,3.0,3.79,-58.23,0.0,0.0,1250000.0,12.0,151.29,6.1,573.39,57.42
2780.0,3.0,3.86,-46.89,0.0,0.0,1250000.0,12.0,150.32,6.18,580.24,57.61
2781.0,3.0,3.77,-38.92,0.0,0.0,1250000.0,12.0,148.9,6.02,561.35,57.61
2782.0,3.0,3.91,-35.05,0.0,0.0,1250000.0,12.0,147.14,5.75,575.32,57.86
2783.0,3.0,3.89,-36.28,0.0,0.0,1250000.0,12.0,156.94,6.5,610.5,58.04
2784.0,3.0,3.83,-46.7,0.0,0.0,1250000.0,12.0,149.48,6.31,572.51,58.04
2785.0,3.0,3.98,-58.7,0.0,0.0,1250000.0,12.0,151.53,6.21,603.09,58.13
2786.0,3.0,3.8,-66.92,0.0,0.0,1250000.0,12.0,148.76,5.99,565.29,58.3
2787.0,3.0,3.99,-63.79,0.0,0.0,1250000.0,12.0,149.21,6.11,595.35,58.3
2788.0,3.0,4.02,-54.09,0.0,0.0,1250000.0,12.0,151.99,6.11,611.0,58.53
2789.0,3.0,4.09,-46.57,0.0,0.0,1250000.0,12.0,146.17,5.78,597.84,58.53
2790.0,3.0,4.09,-42.07,0.0,0.0,1250000.0,12.0,150.09,5.96,613.87,58.75
2791.0,3.0,3.93,-43.99,0.0,0.0,1250000.0,12.0,149.38,6.09,587.06,58.75
2792.0,3.0,3.94,-48.79,0.0,0.0,1250000.0,12.0,150.23,6.15,591.91,58.97
2793.0,3.0,3.85,-55.58,0.0,0.0,1250000.0,12.0,150.82,6.16,580.66,58.97
2794.0,3.0,4.01,-58.09,0.0,0.0,1250000.0,12.0,150.82,6.42,604.79,59.22
2795.0,3.0,4.06,-58.22,0.0,0.0,1250000.0,12.0,153.32,6.39,622.48,59.22
2796.0,3.0,3.86,-56.47,0.0,0.0,1250000.0,12.0,150.48,6.34,580.85,59.43
2797.0,3.0,3.89,-51.89,0.0,0.0,1250000.0,12.0,151.69,6.45,590.07,59.43
2799.0,3.0,3.98,-50.94,0.0,0.0,1250000.0,12.0,149.61,6.13,595.45,59.68
2802.0,3.0,3.94,-57.65,0.0,0.0,1250000.0,12.0,150.54,6.26,593.13,59.89
2803.0,3.0,3.87,-64.94,0.0,0.0,1250000.0,12.0,153.54,6.27,594.2,60.23
2804.0,3.0,4.01,-71.5,0.0,0.0,1250000.0,12.0,152.8,6.27,612.73,60.24
2807.0,3.0,3.87,-58.35,0.0,0.0,1250000.0,12.0,153.17,6.51,592.77,60.46
2808.0,3.0,3.81,-48.84,0.0,0.0,1250000.0,12.0,150.43,6.35,573.14,60.82
2809.0,3.0,3.87,-48.42,0.0,0.0,1250000.0,12.0,148.22,5.89,573.61,60.82
2810.0,3.0,3.72,-53.92,0.0,0.0,1250000.0,12.0,153.61,6.44,571.43,61.03
2811.0,3.0,3.58,-64.03,0.0,0.0,1250000.0,12.0,152.07,6.18,544.41,61.03
2812.0,3.0,3.5,-71.52,0.0,0.0,1250000.0,12.0,148.55,6.01,519.92,61.25
2813.0,3.0,3.45,-74.49,0.0,0.0,1250000.0,12.0,152.33,6.26,525.54,61.26
2814.0,3.0,3.46,-76.13,0.0,0.0,1250000.0,12.0,150.52,6.04,520.8,61.52
2815.0,3.0,3.41,-70.53,0.0,0.0,1250000.0,12.0,153.15,6.47,522.24,61.52
2816.0,3.0,3.38,-63.27,0.0,0.0,1250000.0,12.0,149.27,5.91,504.53,61.73
2817.0,3.0,3.64,-52.81,0.0,0.0,1250000.0,12.0,151.32,6.02,550.8,61.73
2818.0,3.0,3.69,-49.07,0.0,0.0,1250000.0,12.0,151.06,6.31,557.41,61.97
2821.0,3.0,3.45,-52.3,0.0,0.0,1250000.0,12.0,148.32,6.09,511.7,61.97
2822.0,3.0,3.35,-53.6,0.0,0.0,1250000.0,12.0,148.26,5.99,496.67,62.39
2825.0,3.0,3.4,-68.74,0.0,0.0,1250000.0,12.0,149.23,6.07,507.38,62.4
2827.0,3.0,3.19,-77.5,0.0,0.0,1250000.0,12.0,151.43,6.46,483.06,62.87
2833.0,3.0,3.14,-62.78,0.0,0.0,1250000.0,14.0,148.58,5.98,466.54,63.09
2834.0,3.0,3.21,-56.91,0.0,0.0,1250000.0,14.0,151.19,6.2,485.32,63.77
2835.0,3.0,3.24,-52.25,0.0,0.0,1250000.0,14.0,149.17,6.04,483.31,63.78
2836.0,3.0,3.21,-48.15,0.0,0.0,1250000.0,15.0,146.84,5.75,471.36,64.0
2837.0,3.0,3.36,-43.4,0.0,0.0,1250000.0,15.0,148.85,6.17,500.14,64.01
2838.0,3.0,3.39,-50.83,0.0,0.0,1250000.0,15.0,154.01,6.33,522.09,64.24
2839.0,3.0,3.32,-64.38,0.0,0.0,1250000.0,15.0,150.19,6.11,498.63,64.44
2840.0,3.0,3.55,-75.5,0.0,0.0,1250000.0,15.0,148.9,6.11,528.59,64.44
2841.0,3.0,3.58,-82.8,0.0,0.0,1250000.0,15.0,147.39,5.92,527.66,64.48
2843.0,3.0,3.67,-60.36,0.0,0.0,1250000.0,15.0,149.21,6.17,547.6,64.67
2844.0,3.0,3.71,-39.95,0.0,0.0,1250000.0,15.0,147.95,6.07,548.89,64.9
2845.0,3.0,3.6,-32.62,0.0,0.0,1250000.0,15.0,149.51,6.01,538.24,65.11
2846.0,3.0,3.57,-40.84,0.0,0.0,1250000.0,15.0,149.0,6.13,531.93,65.11
2847.0,3.0,3.53,-56.2,0.0,0.0,1250000.0,14.0,151.02,6.26,533.1,65.11
2848.0,3.0,3.68,-72.77,0.0,0.0,1250000.0,14.0,148.05,6.06,544.82,65.35
2849.0,3.0,3.77,-75.13,0.0,0.0,1250000.0,14.0,151.68,6.36,571.83,65.36
2850.0,3.0,3.64,-66.09,0.0,0.0,1250000.0,14.0,147.97,6.05,538.61,65.59
2852.0,3.0,3.88,-31.42,0.0,0.0,1250000.0,14.0,149.89,6.1,581.57,65.59
2853.0,3.0,3.67,-32.49,0.0,0.0,1250000.0,14.0,149.96,5.93,550.35,65.94
2854.0,3.0,3.67,-42.39,0.0,0.0,1250000.0,14.0,151.8,6.01,557.11,65.94
2855.0,3.0,3.55,-54.38,0.0,0.0,1250000.0,14.0,151.1,6.06,536.41,66.15
2856.0,3.0,3.62,-62.59,0.0,0.0,1250000.0,14.0,149.19,6.21,540.07,66.15
2857.0,3.0,3.62,-66.52,0.0,0.0,1250000.0,14.0,150.03,6.17,543.11,66.38
2858.0,3.0,3.44,-66.14,0.0,0.0,1250000.0,14.0,151.27,6.19,520.37,66.38
2859.0,3.0,3.5,-61.69,0.0,0.0,1250000.0,14.0,153.05,6.47,535.67,66.65
2860.0,3.0,3.57,-59.1,0.0,0.0,1250000.0,14.0,148.07,5.91,528.61,66.66
2861.0,3.0,3.45,-57.03,0.0,0.0,1250000.0,14.0,152.9,6.17,527.51,66.88
2862.0,3.0,3.48,-58.69,0.0,0.0,1250000.0,14.0,149.85,5.92,521.48,66.89
2863.0,3.0,3.38,-59.11,0.0,0.0,1250000.0,14.0,151.79,6.34,513.05,67.07
2864.0,3.0,3.17,-61.73,0.0,0.0,1250000.0,14.0,147.67,5.72,468.11,67.07
2865.0,3.0,3.27,-54.85,0.0,0.0,1250000.0,14.0,152.08,6.48,497.3,67.33
2866.0,3.0,3.25,-50.12,0.0,0.0,1250000.0,14.0,152.67,6.31,496.18,67.33
2867.0,3.0,3.08,-46.18,0.0,0.0,1250000.0,14.0,148.22,5.87,456.52,67.53
2868.0,3.0,3.2,-44.66,0.0,0.0,1250000.0,14.0,148.8,5.89,476.16,67.53
2869.0,3.0,3.25,-51.5,0.0,0.0,1250000.0,14.0,148.45,5.94,482.46,67.75
2870.0,3.0,3.13,-60.87,0.0,0.0,1250000.0,14.0,151.27,6.11,473.48,67.76
2871.0,3.0,3.21,-67.63,0.0,0.0,1250000.0,14.0,149.45,5.93,479.73,67.98
2872.0,3.0,3.2,-65.91,0.0,0.0,1250000.0,14.0,149.33,6.09,477.86,67.98
2873.0,3.0,3.1,-60.56,0.0,0.0,1250000.0,14.0,150.16,5.84,465.5,68.21
2874.0,3.0,3.25,-56.34,0.0,0.0,1250000.0,13.0,148.4,6.01,482.3,68.22
2875.0,3.0,3.26,-53.5,0.0,0.0,1250000.0,13.0,154.12,6.39,502.43,68.44
2876.0,3.0,3.11,-55.73,0.0,0.0,1250000.0,13.0,150.13,6.22,466.9,68.44
2877.0,3.0,3.16,-54.75,0.0,0.0,1250000.0,13.0,151.65,6.32,479.21,68.65
2879.0,3.0,2.97,-58.88,0.0,0.0,1250000.0,13.0,147.64,5.98,438.49,68.66
2880.0,3.0,3.0,-61.53,0.0,0.0,1250000.0,13.0,147.77,5.81,443.31,69.03
2881.0,3.0,2.77,-60.9,0.0,0.0,1250000.0,13.0,148.83,6.05,412.26,69.03
2882.0,3.0,2.72,-63.38,0.0,0.0,1250000.0,14.0,149.82,6.0,407.51,69.25
2883.0,3.0,2.7,-66.64,0.0,0.0,1250000.0,14.0,149.4,6.1,403.38,69.44
2884.0,3.0,2.87,-68.19,0.0,0.0,1250000.0,14.0,148.99,5.81,427.6,69.44
2885.0,3.0,2.94,-61.72,0.0,0.0,1250000.0,14.0,150.82,6.07,443.41,69.53
2886.0,3.0,2.92,-52.24,0.0,0.0,1250000.0,14.0,148.5,6.07,433.62,69.74
2887.0,3.0,3.06,-40.45,0.0,0.0,1250000.0,14.0,151.89,6.03,464.78,69.75
2888.0,3.0,3.16,-39.34,0.0,0.0,1250000.0,14.0,151.49,6.1,478.71,69.91
2889.0,3.0,3.02,-44.85,0.0,0.0,1250000.0,14.0,152.16,6.11,459.52,69.91
2890.0,3.0,3.04,-59.7,0.0,0.0,1250000.0,14.0,152.26,6.15,462.87,70.14
2891.0,3.0,2.85,-69.62,0.0,0.0,1250000.0,14.0,152.89,6.29,435.74,70.14
2892.0,3.0,2.8,-75.28,0.0,0.0,1250000.0,14.0,148.84,5.89,416.75,70.36
2893.0,3.0,2.88,-69.46,0.0,0.0,1250000.0,14.0,152.22,6.29,438.39,70.36
2894.0,3.0,2.87,-61.44,0.0,0.0,1250000.0,14.0,147.5,5.94,423.32,70.6
2896.0,3.0,2.8,-40.91,0.0,0.0,1250000.0,14.0,154.3,6.35,432.04,70.6
2897.0,3.0,2.76,-44.36,0.0,0.0,1250000.0,14.0,149.34,6.29,412.18,70.95
2898.0,3.0,2.77,-51.5,0.0,0.0,1250000.0,14.0,150.06,6.11,415.67,70.95
2899.0,3.0,2.76,-63.28,0.0,0.0,1250000.0,14.0,150.92,6.2,416.54,71.2
2900.0,3.0,2.89,-75.22,0.0,0.0,1250000.0,14.0,151.98,6.43,439.22,71.2
2901.0,3.0,2.98,-81.54,0.0,0.0,1250000.0,14.0,150.16,6.09,447.48,71.39
2902.0,3.0,3.01,-76.39,0.0,0.0,1250000.0,14.0,152.07,6.11,457.73,71.39
2903.0,3.0,2.88,-74.25,0.0,0.0,1250000.0,14.0,155.07,6.43,446.6,71.62
2904.0,3.0,3.09,-73.78,0.0,0.0,1250000.0,14.0,153.1,6.21,473.08,71.65
2905.0,3.0,3.36,-71.62,0.0,0.0,1250000.0,14.0,149.32,6.14,501.72,71.85
2906.0,3.0,3.25,-72.0,0.0,0.0,1250000.0,14.0,150.24,6.2,488.28,71.86
2907.0,3.0,3.36,-71.29,0.0,0.0,1250000.0,14.0,149.46,6.03,502.19,72.08
2908.0,3.0,3.44,-67.68,0.0,0.0,1250000.0,14.0,152.79,6.18,525.6,72.08
2909.0,3.0,3.36,-62.63,0.0,0.0,1250000.0,14.0,151.64,6.08,509.51,72.3
2910.0,3.0,3.43,-56.24,0.0,0.0,1250000.0,14.0,149.48,6.1,512.72,72.3
2911.0,3.0,3.45,-50.44,0.0,0.0,1250000.0,14.0,148.75,5.76,513.19,72.54
2913.0,3.0,4.0,-55.45,0.0,0.0,1250000.0,14.0,152.84,6.22,611.36,72.54
2914.0,3.0,3.97,-61.41,0.0,0.0,1250000.0,14.0,153.42,6.2,609.08,72.93
2915.0,3.0,4.08,-62.55,0.0,0.0,1250000.0,14.0,152.36,6.14,621.63,72.94
2916.0,3.0,4.2,-59.54,0.0,0.0,1250000.0,14.0,150.15,6.22,630.63,73.11
2918.0,3.0,4.38,-56.67,0.0,0.0,1250000.0,14.0,149.11,5.95,653.1,73.11
2919.0,3.0,4.63,-63.65,0.0,0.0,1250000.0,14.0,152.84,6.06,707.65,73.44
2920.0,3.0,4.66,-70.62,0.0,0.0,1250000.0,14.0,151.07,5.82,703.99,73.64
2921.0,3.0,4.85,-71.58,0.0,0.0,1250000.0,14.0,151.59,6.28,735.21,73.64
2922.0,3.0,4.85,-67.29,0.0,0.0,1250000.0,14.0,151.5,6.05,734.77,73.87
2923.0,3.0,4.75,-58.22,0.0,0.0,1250000.0,14.0,153.3,6.45,728.17,73.87
2924.0,3.0,4.74,-48.12,0.0,0.0,1250000.0,14.0,148.18,5.87,702.37,74.05
2925.0,3.0,4.41,-37.55,0.0,0.0,1250000.0,14.0,155.33,6.25,685.01,74.06
2926.0,3.0,4.31,-44.59,0.0,0.0,1250000.0,14.0,149.55,6.39,644.56,74.27
2927.0,3.0,4.0,-56.75,0.0,0.0,1250000.0,14.0,151.99,6.12,607.96,74.28
2929.0,3.0,3.85,-70.06,0.0,0.0,1250000.0,14.0,150.18,6.13,578.19,74.47
2930.0,3.0,3.98,-67.86,0.0,0.0,1250000.0,14.0,152.86,6.05,608.38,74.69
2931.0,3.0,3.98,-60.47,0.0,0.0,1250000.0,14.0,152.88,6.15,608.46,74.72
2932.0,3.0,3.85,-48.05,0.0,0.0,1250000.0,14.0,148.84,5.98,573.03,74.94
2933.0,3.0,4.03,-42.71,0.0,0.0,1250000.0,14.0,148.45,5.79,598.25,74.94
2934.0,3.0,4.0,-47.02,0.0,0.0,1250000.0,14.0,153.47,6.14,613.88,75.16
2935.0,3.0,4.16,-60.14,0.0,0.0,1250000.0,14.0,151.12,6.1,628.66,75.16
2936.0,3.0,4.15,-67.13,0.0,0.0,1250000.0,14.0,151.83,6.34,630.09,75.41
2937.0,3.0,4.02,-64.54,0.0,0.0,1250000.0,14.0,155.74,6.57,626.07,75.41
2938.0,3.0,4.23,-58.06,0.0,0.0,1250000.0,14.0,155.15,6.54,656.28,75.61
2939.0,3.0,4.05,-43.99,0.0,0.0,1250000.0,14.0,155.01,6.41,627.79,75.61
2940.0,3.0,4.13,-40.67,0.0,0.0,1250000.0,14.0,152.37,6.0,629.29,75.83
2941.0,3.0,4.1,-49.22,0.0,0.0,1250000.0,14.0,149.86,6.15,614.43,75.84
2942.0,3.0,4.22,-64.62,0.0,0.0,1250000.0,14.0,150.81,6.0,636.42,76.06
2943.0,3.0,4.11,-70.82,0.0,0.0,1250000.0,14.0,155.16,6.46,637.71,76.06
2944.0,3.0,3.88,-67.45,0.0,0.0,1250000.0,14.0,153.77,5.92,596.63,76.29
2945.0,3.0,4.02,-53.91,0.0,0.0,1250000.0,14.0,152.93,6.14,614.78,76.29
2946.0,3.0,3.96,-41.17,0.0,0.0,1250000.0,14.0,147.89,6.0,585.64,76.52
2947.0,3.0,4.11,-40.43,0.0,0.0,1250000.0,14.0,148.02,6.01,608.36,76.53
2948.0,3.0,4.1,-50.24,0.0,0.0,1250000.0,14.0,150.61,6.13,617.5,76.82
2949.0,3.0,4.29,-62.67,0.0,0.0,1250000.0,14.0,154.3,6.46,661.95,76.82
2951.0,3.0,4.2,-62.05,0.0,0.0,1250000.0,14.0,149.95,5.82,629.79,76.98
2952.0,3.0,4.28,-49.99,0.0,0.0,1250000.0,14.0,151.07,6.37,646.58,77.19
2953.0,3.0,4.38,-46.32,0.0,0.0,1250000.0,14.0,151.64,6.46,664.18,77.2
2954.0,3.0,4.43,-47.1,0.0,0.0,1250000.0,14.0,154.63,6.27,685.01,77.46
2955.0,3.0,4.33,-56.65,0.0,0.0,1250000.0,14.0,153.33,6.25,663.92,77.46
2956.0,3.0,4.44,-67.5,0.0,0.0,1250000.0,14.0,151.34,6.11,671.95,77.67
2957.0,3.0,4.44,-73.43,0.0,0.0,1250000.0,14.0,151.4,6.22,672.22,77.67
2959.0,3.0,4.28,-68.21,0.0,0.0,1250000.0,14.0,153.04,6.15,655.01,77.89
2961.0,3.0,4.2,-47.7,0.0,0.0,1250000.0,14.0,149.81,5.76,629.2,78.11
2964.0,3.0,4.16,-73.9,0.0,0.0,1250000.0,14.0,151.6,6.14,630.66,78.33
2965.0,3.0,4.26,-84.84,0.0,0.0,1250000.0,14.0,151.11,5.97,643.73,78.72
2966.0,3.0,4.21,-82.03,0.0,0.0,1250000.0,14.0,150.87,5.95,635.16,78.72
2967.0,3.0,4.06,-65.62,0.0,0.0,1250000.0,14.0,153.29,6.25,622.36,78.91
2968.0,3.0,4.34,-45.99,0.0,0.0,1250000.0,14.0,148.93,5.86,646.36,78.91
2970.0,3.0,4.15,-51.78,0.0,0.0,1250000.0,14.0,150.72,6.05,625.49,79.16
2971.0,3.0,3.89,-64.25,0.0,0.0,1250000.0,14.0,151.31,6.14,588.6,79.41
2972.0,3.0,3.97,-68.58,0.0,0.0,1250000.0,14.0,151.11,5.98,599.91,79.41
2973.0,3.0,4.01,-62.56,0.0,0.0,1250000.0,14.0,153.53,6.47,615.66,79.62
2974.0,3.0,3.79,-52.69,0.0,0.0,1250000.0,14.0,153.59,6.38,582.11,79.62
2975.0,3.0,3.79,-45.94,0.0,0.0,388.44,14.0,152.08,5.9,576.38,79.82
2976.0,3.0,3.74,-41.47,0.0,0.0,70.2,14.0,154.04,5.56,576.11,79.82
2977.0,3.0,3.92,-38.72,0.0,0.0,56.82,14.0,151.16,5.25,592.55,80.04
2978.0,3.0,3.87,-39.47,0.0,0.0,47.17,14.0,153.13,5.44,592.61,80.04
2980.0,3.0,3.61,-52.36,0.0,0.0,77.73,14.0,151.51,5.23,546.95,80.27
2981.0,3.0,3.52,-53.49,0.0,0.0,0.0,14.0,153.57,5.53,540.57,80.53
2982.0,3.0,3.66,-53.83,0.0,0.0,0.0,14.0,148.3,5.01,542.78,80.54
2983.0,3.0,3.7,-52.45,0.0,0.0,0.0,14.0,147.2,4.87,544.64,80.78
2984.0,3.0,3.59,-51.39,0.0,0.0,0.0,14.0,151.56,5.31,544.1,80.79
2985.0,3.0,3.65,-55.64,0.0,0.0,4.294967296E9,14.0,149.08,5.19,544.14,81.01
2986.0,3.0,3.58,-58.71,0.0,0.0,0.0,14.0,151.64,5.26,542.87,81.02
2987.0,3.0,3.44,-60.03,0.0,0.0,80.27,14.0,149.79,5.07,515.28,81.19
2988.0,3.0,3.57,-57.36,0.0,0.0,80.27,14.0,151.6,5.31,541.21,81.19
2989.0,3.0,3.52,-52.68,0.0,0.0,80.27,14.0,151.78,5.47,534.27,81.43
2990.0,3.0,3.33,-43.7,0.0,0.0,80.27,14.0,154.4,5.98,514.15,81.43
2991.0,3.0,3.27,-32.62,0.0,0.0,80.27,14.0,154.15,6.07,504.07,81.69
2992.0,3.0,3.27,-25.57,0.0,0.0,80.27,14.0,153.77,5.83,502.83,81.69
2993.0,3.0,3.12,-21.49,0.0,0.0,80.27,14.0,151.85,5.62,473.77,81.88
2995.0,3.0,3.17,-20.61,0.0,0.0,80.27,14.0,154.96,5.86,491.22,81.89
2996.0,3.0,2.98,-27.47,0.0,0.0,80.27,14.0,150.81,5.46,449.41,82.22
2997.0,3.0,3.11,-32.85,0.0,0.0,80.27,14.0,150.54,5.48,468.18,82.23
2998.0,3.0,3.04,-40.0,0.0,0.0,80.27,14.0,150.68,5.62,458.07,82.44
2999.0,3.0,2.9,-45.39,0.0,0.0,80.27,14.0,150.79,5.55,437.29,82.45
3000.0,3.0,2.95,-50.15,0.0,0.0,80.27,14.0,151.61,5.48,447.25,82.69
3001.0,3.0,2.98,-49.14,0.0,0.0,80.27,14.0,150.93,5.78,449.77,82.7
3002.0,3.0,2.84,-48.63,0.0,0.0,80.27,14.0,153.67,5.59,436.42,82.89
3003.0,3.0,2.99,-50.44,0.0,0.0,80.27,14.0,149.48,5.39,446.95,82.9
3005.0,3.0,2.82,-37.21,0.0,0.0,80.27,14.0,155.13,5.8,437.47,83.14
3006.0,3.0,2.82,-32.46,0.0,0.0,80.27,14.0,150.87,5.3,425.45,83.34
3007.0,3.0,2.93,-27.49,0.0,0.0,80.27,14.0,155.59,5.71,455.88,83.34
3008.0,3.0,2.9,-26.22,0.0,0.0,80.27,14.0,150.97,5.3,437.81,83.59
3009.0,3.0,2.8,-25.57,0.0,0.0,80.27,14.0,149.58,5.43,418.82,83.6
3010.0,3.0,2.9,-28.98,0.0,0.0,80.27,14.0,156.89,5.62,454.98,83.8
3011.0,3.0,3.01,-38.59,0.0,0.0,80.27,14.0,155.06,5.83,466.73,83.81
3012.0,3.0,2.87,-51.88,0.0,0.0,80.27,14.0,152.23,5.53,436.9,84.04
3014.0,3.0,2.86,-56.7,0.0,0.0,80.27,14.0,151.22,5.32,432.49,84.04
3015.0,3.0,2.97,-48.26,0.0,0.0,80.27,14.0,156.05,5.85,463.47,84.4
3016.0,3.0,2.96,-36.75,0.0,0.0,80.27,14.0,153.1,5.42,453.18,84.4
3017.0,3.0,3.09,-23.91,0.0,0.0,80.27,14.0,152.66,5.66,471.72,84.63
3018.0,3.0,3.2,-16.51,0.0,0.0,80.27,14.0,156.96,6.0,502.27,84.64
3020.0,3.0,3.29,-29.02,0.0,0.0,80.27,14.0,156.89,5.95,516.17,84.85
3021.0,3.0,3.33,-45.04,0.0,0.0,80.27,14.0,154.38,5.57,514.09,85.09
3022.0,3.0,3.21,-59.42,0.0,0.0,80.27,14.0,151.88,5.51,487.53,85.14
3023.0,3.0,3.35,-65.59,0.0,0.0,80.27,14.0,152.38,5.59,510.47,85.29
3024.0,3.0,3.47,-63.51,0.0,0.0,80.27,14.0,152.74,5.38,530.01,85.3
3025.0,3.0,3.49,-50.89,0.0,0.0,80.27,14.0,153.34,5.6,535.16,85.5
3026.0,3.0,3.68,-40.71,0.0,0.0,80.27,14.0,157.86,6.19,580.92,85.5
3027.0,3.0,3.68,-45.66,0.0,0.0,80.27,14.0,153.43,5.78,564.62,85.73
3028.0,3.0,3.89,-58.84,0.0,0.0,80.27,14.0,155.17,5.62,603.61,85.73
3029.0,3.0,3.99,-72.75,0.0,0.0,80.27,14.0,149.94,5.58,598.26,85.97
3030.0,3.0,3.98,-77.29,0.0,0.0,80.27,14.0,154.94,5.43,616.66,85.97
3031.0,3.0,4.25,-70.83,0.0,0.0,80.27,14.0,150.74,5.42,640.65,86.18
3032.0,3.0,4.38,-61.44,0.0,0.0,80.27,14.0,155.91,5.38,682.89,86.18
3033.0,3.0,4.55,-60.41,0.0,0.0,80.27,14.0,152.54,5.42,694.06,86.44
3034.0,3.0,4.71,-63.71,0.0,0.0,80.27,14.0,153.19,5.27,721.52,86.44
3035.0,3.0,4.83,-68.15,0.0,0.0,80.27,14.0,149.66,5.2,722.86,86.64
3036.0,3.0,4.93,-68.78,0.0,0.0,80.27,14.0,151.43,5.17,746.55,86.65
3037.0,3.0,4.94,-65.38,0.0,0.0,80.27,14.0,151.02,5.32,746.04,86.89
3038.0,3.0,4.98,-59.54,0.0,22.35,80.27,14.0,149.76,5.47,623.55,86.9
3039.0,3.0,5.08,-52.85,0.0,2.65,80.27,14.0,152.52,5.53,760.15,87.1
3040.0,3.0,5.0,-51.47,0.0,12.27,80.27,14.0,151.9,5.28,694.71,87.1
3041.0,3.0,5.25,-54.34,0.0,0.0,80.27,14.0,154.59,5.62,811.6,87.36
3042.0,3.0,5.03,-64.36,0.0,0.0,80.27,14.0,151.78,5.11,763.45,87.36
3043.0,3.0,5.22,-76.17,0.0,17.14,80.27,14.0,151.3,5.18,701.0,87.56
3044.0,3.0,5.12,-81.52,0.0,20.84,80.27,14.0,154.68,5.54,676.51,87.56
3045.0,3.0,5.02,-82.33,0.0,22.31,80.27,14.0,153.71,5.26,654.27,87.79
3046.0,3.0,4.87,-72.67,0.0,22.81,80.27,14.0,157.82,5.18,650.43,87.79
3047.0,3.0,4.69,-54.29,0.0,44.95,80.27,14.0,162.94,5.71,507.52,88.02
3048.0,3.0,4.49,-40.81,0.0,42.65,80.27,14.0,160.86,5.23,499.2,88.03
3049.0,3.0,4.49,-41.46,0.0,26.25,80.27,14.0,160.38,5.18,584.13,88.27
3050.0,3.0,4.25,-50.25,0.0,26.24,80.27,14.0,165.4,5.34,562.83,88.27
3051.0,3.0,4.37,-54.19,0.0,27.96,80.27,14.0,170.08,5.49,589.75,88.49
3052.0,3.0,4.13,-53.36,0.0,29.05,80.27,14.0,172.53,5.54,551.61,88.49
3053.0,3.0,4.03,-52.44,0.0,30.09,80.27,14.0,169.87,5.26,526.3,88.77
3054.0,3.0,3.88,-48.0,0.0,31.89,80.27,14.0,168.06,5.34,481.78,88.77
3055.0,3.0,3.94,-43.19,0.0,32.61,80.27,14.0,164.12,5.29,474.13,88.98
3056.0,3.0,3.84,-37.05,0.0,34.23,80.27,14.0,158.65,5.32,427.11,88.98
3057.0,3.0,3.67,-28.18,0.0,35.95,80.27,14.0,153.93,5.08,382.3,89.19
3058.0,3.0,3.65,-20.15,0.0,37.54,80.27,14.0,152.5,5.38,354.66,89.19
3059.0,3.0,3.6,-15.98,0.0,38.56,80.27,14.0,154.26,5.6,339.4,89.45
3060.0,3.0,3.72,-19.33,0.0,40.2,80.27,14.0,153.33,5.6,345.27,89.45
3061.0,3.0,3.7,-22.65,0.0,42.74,80.27,14.0,157.01,5.53,344.58,89.67
3062.0,3.0,3.58,-23.75,0.0,44.48,80.27,14.0,160.08,5.61,323.55,89.67
3063.0,3.0,3.63,-30.13,0.0,45.01,80.27,14.0,160.45,5.16,350.18,89.91
3064.0,3.0,3.69,-31.95,0.0,45.45,80.27,14.0,166.91,5.39,370.92,89.91
3065.0,3.0,3.99,-30.58,0.0,47.47,80.27,14.0,174.15,5.86,416.68,90.16
3066.0,3.0,4.05,-31.86,0.0,49.77,80.27,14.0,169.12,5.65,403.74,90.17
3067.0,3.0,3.93,-33.36,0.0,51.22,80.27,14.0,167.65,5.53,375.62,90.39
3068.0,3.0,4.2,-38.5,0.0,53.42,80.27,14.0,156.9,5.25,378.52,90.39
3069.0,3.0,4.15,-43.7,0.0,76.48,80.27,14.0,153.59,5.39,225.17,90.62
3070.0,3.0,4.16,-50.6,0.0,58.73,80.27,14.0,152.36,5.32,321.37,90.62
3071.0,3.0,4.18,-46.95,0.0,58.56,80.27,14.0,158.87,5.64,333.8,90.86
3072.0,3.0,4.3,-40.28,0.0,60.85,80.27,14.0,161.35,5.64,350.61,90.86
3073.0,3.0,4.15,-29.42,0.0,60.21,80.27,14.0,164.38,5.56,347.41,91.12
3074.0,3.0,4.4,-23.73,0.0,84.88,80.27,14.0,170.98,5.35,298.2,91.12
3075.0,3.0,4.22,-29.97,0.0,65.11,80.27,14.0,168.18,5.44,355.52,91.34
3076.0,3.0,4.3,-45.95,0.0,87.22,80.27,14.0,163.77,5.52,222.76,91.34
3077.0,3.0,4.23,-63.35,0.0,68.96,80.27,14.0,153.7,5.49,271.56,91.57
3078.0,3.0,4.11,-71.14,0.0,69.31,80.27,14.0,154.99,5.6,248.87,91.57
3079.0,3.0,4.23,-69.34,0.0,70.64,80.27,14.0,157.47,5.15,302.3,91.86
3080.0,3.0,4.08,-51.56,0.0,71.75,80.27,14.0,159.61,4.94,296.76,91.86
3081.0,3.0,4.33,-28.15,0.0,74.65,80.27,14.0,177.31,5.87,329.56,92.05
3082.0,3.0,4.27,-22.6,0.0,76.21,80.27,14.0,170.88,5.67,297.55,92.05
3083.0,3.0,4.37,-31.68,0.0,77.91,80.27,14.0,161.5,5.63,267.12,92.32
3084.0,3.0,4.36,-52.13,0.0,79.83,80.27,14.0,154.69,5.47,237.78,92.32
3085.0,3.0,4.28,-74.58,0.0,82.3,80.27,14.0,154.51,5.44,213.59,92.56
3086.0,3.0,4.31,-81.38,0.0,90.19,80.27,14.0,161.93,5.21,228.03,92.57
3087.0,3.0,4.36,-65.79,0.0,87.91,80.27,14.0,177.33,5.83,260.64,92.79
3088.0,3.0,4.47,-36.76,0.0,91.47,80.27,14.0,177.0,5.86,255.18,92.79
3089.0,3.0,4.45,-18.58,0.0,94.91,80.27,14.0,161.1,5.33,211.02,93.05
3090.0,3.0,4.53,-23.64,0.0,97.3,80.27,14.0,157.54,5.46,182.4,93.06
3091.0,3.0,4.57,-46.82,0.0,99.6,80.27,14.0,165.9,5.81,179.49,93.26
3092.0,3.0,4.81,-64.51,0.0,103.11,80.27,14.0,176.39,5.94,235.96,93.26
3093.0,3.0,5.31,-54.66,0.0,105.8,80.27,14.0,173.09,5.73,312.87,93.54
3094.0,3.0,5.2,-38.19,0.0,128.31,80.27,14.0,160.48,5.48,131.36,93.54
3095.0,3.0,5.29,-36.07,0.0,116.38,80.27,14.0,158.89,5.38,214.4,93.78
3096.0,3.0,5.21,-44.74,0.0,115.4,80.27,14.0,167.23,5.53,233.11,93.79
3097.0,3.0,5.07,-58.12,0.0,117.8,80.27,14.0,180.23,5.93,215.21,94.04
3099.0,3.0,5.08,-64.14,0.0,122.52,80.27,14.0,161.89,5.47,152.22,94.05
3100.0,3.0,5.36,-44.32,0.0,126.63,80.27,14.0,173.52,5.48,236.13,94.43
3101.0,3.0,5.39,-28.45,0.0,129.18,80.27,14.0,175.7,5.7,210.7,94.44
3102.0,3.0,5.18,-33.45,0.0,131.8,80.27,14.0,160.24,5.4,118.32,94.64
3103.0,3.0,5.29,-46.09,0.0,133.99,80.27,14.0,165.89,5.88,89.7,94.85
3104.0,3.0,5.33,-55.65,0.0,137.4,80.27,14.0,182.05,5.82,170.66,94.85
3105.0,3.0,5.57,-53.62,0.0,144.55,80.27,14.0,167.2,5.89,79.9,95.04
3106.0,3.0,5.58,-40.24,0.0,144.86,80.27,14.0,160.52,5.63,80.14,95.04
3107.0,3.0,5.41,-32.34,0.0,147.65,80.27,14.0,172.7,5.52,119.28,95.28
3108.0,3.0,5.56,-38.43,0.0,151.39,80.27,14.0,172.79,5.52,125.04,95.28
3109.0,3.0,5.45,-46.23,0.0,156.37,1250000.0,14.0,166.62,5.91,-16.07,95.52
3110.0,3.0,5.28,-53.05,0.0,157.59,1250000.0,14.0,175.79,5.83,9.42,95.72
3111.0,3.0,5.46,-47.08,0.0,162.21,1250000.0,14.0,177.2,5.86,16.96,95.73
3114.0,3.0,5.45,-51.59,0.0,180.87,1250000.0,14.0,165.2,5.35,-67.31,95.94
3115.0,3.0,5.47,-54.07,0.0,181.93,1250000.0,14.0,166.94,5.69,-122.02,96.33
3116.0,3.0,5.54,-44.72,0.0,191.14,1250000.0,14.0,186.43,5.99,-112.11,96.34
3117.0,3.0,5.4,-32.22,0.0,192.23,1250000.0,14.0,164.33,5.76,-219.86,96.57
3118.0,3.0,5.24,-24.77,0.0,204.23,1250000.0,14.0,185.48,5.73,-198.32,96.79
3119.0,3.0,5.34,-30.01,0.0,209.29,1250000.0,14.0,167.55,5.71,-300.33,96.79
3121.0,3.0,5.19,-66.12,0.0,226.77,1250000.0,14.0,170.21,5.77,-425.07,97.0
3122.0,3.0,5.34,-69.58,0.0,225.13,1250000.0,14.0,178.18,5.12,-201.18,97.25
3123.0,3.0,5.21,-46.36,0.0,257.68,1250000.0,14.0,170.44,5.57,-547.29,97.44
3126.0,3.0,4.83,-47.81,0.0,276.27,1250000.0,14.0,195.81,5.96,-700.81,97.44
3127.0,3.0,5.12,-49.93,0.0,277.39,1250000.0,14.0,184.31,5.87,-684.61,97.96
3129.0,3.0,5.55,-26.6,0.0,341.1,1250000.0,14.0,197.74,6.13,-993.49,97.96
3133.0,3.0,5.52,-25.68,0.0,480.95,4139.07,14.0,198.31,6.22,-1896.84,98.4
3134.0,3.0,5.25,-35.65,0.0,534.18,4.294967296E9,14.0,209.14,6.17,-2197.91,98.96
3135.0,3.0,5.07,-40.18,0.0,523.52,0.0,14.0,222.14,6.04,-2035.81,99.17
3136.0,3.0,5.09,-29.63,0.0,684.66,625000.0,14.0,197.93,6.54,-3470.21,99.17
3138.0,3.0,4.89,-24.63,0.0,482.94,1043750.0,14.0,222.41,6.37,-1988.74,99.47
3139.0,3.0,5.01,-24.98,0.0,483.76,0.0,14.0,177.14,5.69,-1865.12,99.81
3140.0,3.0,5.08,-29.87,0.0,487.08,4.294967296E9,14.0,213.4,6.07,-1872.5,100.01
3141.0,3.0,5.16,-35.79,0.0,518.88,433333.38,14.0,183.05,6.0,-2168.74,100.21
3142.0,3.0,5.2,-34.14,0.0,510.07,4.294967296E9,14.0,168.65,5.74,-2050.82,100.42
3143.0,3.0,5.52,-29.12,0.0,546.61,1075000.0,14.0,219.34,6.23,-2194.62,100.43
3144.0,3.0,5.71,-19.5,0.0,543.38,497916.56,14.0,242.27,6.04,-1898.65,100.76
3145.0,3.0,5.65,-18.18,0.0,598.95,4.294967296E9,14.0,230.65,6.43,-2548.08,100.95
3146.0,3.0,5.55,-25.36,0.0,581.02,4.294967296E9,14.0,252.18,6.87,-2592.01,101.15
3147.0,3.0,5.58,-37.91,0.0,603.5,4.294967296E9,14.0,256.26,7.12,-2866.99,101.39
3149.0,3.0,5.38,-37.74,0.0,670.42,425000.09,14.0,199.73,5.55,-2646.28,101.55
3150.0,3.0,5.41,-31.58,0.0,669.9,1250000.0,14.0,227.5,6.6,-3190.57,101.96
3151.0,3.0,5.35,-32.6,0.0,626.69,4.294967296E9,14.0,173.44,5.71,-2650.5,102.18
3152.0,3.0,5.31,-22.8,0.0,660.85,98.69,14.0,232.56,4.17,-1520.85,102.38
3153.0,3.0,5.41,-16.96,0.0,744.34,4.294967296E9,14.0,179.2,9.37,-6004.99,102.59
3154.0,3.0,5.88,-25.42,0.0,716.71,4.294967296E9,14.0,176.1,5.94,-3221.79,102.79
3155.0,3.0,5.81,-23.37,0.0,714.57,4.294967296E9,14.0,180.31,6.21,-3389.88,103.02
3156.0,3.0,5.69,-25.91,0.0,770.07,112600.86,14.0,192.51,6.56,-3956.28,103.22
3157.0,3.0,5.78,-17.16,0.0,790.62,716687.13,14.0,267.11,6.42,-3531.88,103.47
3162.0,3.0,5.68,-32.25,0.0,829.44,4.294967296E9,14.0,164.0,7.74,-5488.35,103.71
3165.0,3.0,5.14,-39.26,0.0,773.65,4.294967296E9,14.0,175.59,5.76,-3553.69,104.88
3166.0,3.0,4.88,-21.22,0.0,825.52,4.294967296E9,14.0,215.9,7.84,-5418.49,105.62
3175.0,3.0,4.86,-13.64,0.0,716.85,72189.71,14.0,180.13,7.52,-4515.28,105.87
3194.0,3.0,5.47,-37.1,0.0,541.03,771875.06,14.0,230.84,10.12,-4212.53,107.9
3195.0,3.0,5.27,-29.42,0.0,607.69,4.294967296E9,14.0,175.18,7.88,-3865.4,111.82
3454.0,3.0,4.24,-32.58,0.0,431.43,487500.28,14.0,218.4,7.99,-2521.11,112.05
