1155.0,20.0,0.0,180.0,0.0,0.0,0.0,14.08,-204.96,27.85,0.0,0.0
1157.0,20.0,0.0,180.0,0.0,0.0,0.0,14.08,-208.97,27.67,0.0,0.0
1158.0,20.0,0.0,180.0,0.0,0.0,0.0,14.08,-205.78,27.91,0.0,0.24
1159.0,20.0,0.0,180.0,0.0,0.0,0.0,14.08,-204.81,27.85,0.0,0.44
1160.0,20.0,0.0,180.0,0.0,0.0,0.0,14.08,-211.86,27.47,0.0,0.44
1161.0,20.0,0.0,180.0,0.0,0.0,0.0,14.08,-206.63,27.95,0.0,0.67
1162.0,20.0,0.0,180.0,0.0,0.0,0.0,14.08,-212.47,27.66,0.0,0.67
1163.0,20.0,0.0,180.0,0.0,0.0,0.0,14.08,-212.05,27.52,0.0,0.87
1164.0,20.0,0.0,180.0,0.0,0.0,0.0,14.08,-206.28,27.79,0.0,0.88
1165.0,20.0,0.0,180.0,0.0,0.0,0.0,14.08,-208.91,27.86,0.0,1.1
1166.0,20.0,0.0,180.0,0.0,0.0,0.0,14.08,-205.56,27.63,0.0,1.1
1167.0,20.0,0.0,180.0,0.0,0.0,0.0,14.08,-212.06,27.57,0.0,1.38
1168.0,20.0,0.0,180.0,0.0,0.0,0.0,14.08,-212.14,27.34,0.0,1.39
1169.0,20.0,0.0,180.0,0.0,0.0,0.0,14.08,-208.56,27.69,0.0,1.6
1170.0,20.0,0.0,180.0,0.0,0.0,0.0,14.08,-210.42,27.58,0.0,1.6
1171.0,20.0,0.0,180.0,0.0,0.0,0.0,14.08,-207.65,27.79,0.0,1.81
1172.0,20.0,0.0,180.0,0.0,0.0,0.0,14.08,-204.74,27.95,0.0,1.81
1173.0,20.0,0.0,180.0,0.0,0.0,0.0,14.08,-208.51,27.73,0.0,2.04
1174.0,20.0,0.0,180.0,0.0,0.0,0.0,14.08,-207.49,27.87,0.0,2.04
1175.0,20.0,0.0,180.0,0.0,0.0,0.0,14.08,-208.91,27.7,0.0,2.29
1176.0,20.0,0.0,180.0,0.0,0.0,0.0,14.08,-207.7,27.89,0.0,2.29
1177.0,20.0,0.0,180.0,0.0,0.0,0.0,14.08,-210.97,27.54,0.0,2.51
1178.0,20.0,0.0,180.0,0.0,0.0,0.0,14.08,-208.17,27.56,0.0,2.51
1179.0,20.0,0.0,180.0,0.0,0.0,0.0,14.08,-206.02,27.75,0.0,2.75
1180.0,20.0,0.0,180.0,0.0,0.0,0.0,14.08,-209.87,27.69,0.0,2.75
1181.0,20.0,0.0,180.0,0.0,0.0,0.0,14.08,-209.44,27.58,0.0,2.98
1182.0,20.0,0.0,180.0,0.0,0.0,0.0,14.08,-206.3,27.87,0.0,2.99
1183.0,20.0,0.0,180.0,0.0,0.0,0.0,14.08,-214.07,27.57,0.0,3.22
1184.0,20.0,0.0,180.0,0.0,0.0,0.0,14.08,-212.14,27.56,0.0,3.22
1185.0,20.0,0.0,180.0,0.0,0.0,0.0,14.08,-209.26,27.52,0.0,3.46
1186.0,20.0,0.0,180.0,0.0,0.0,0.0,14.08,-208.58,27.61,0.0,3.46
1187.0,20.0,0.0,180.0,0.0,0.0,0.0,14.08,-210.41,27.7,0.0,3.7
1188.0,20.0,0.0,180.0,0.0,0.0,0.0,14.08,-212.53,27.39,0.0,3.7
1189.0,20.0,0.0,180.0,0.0,0.0,0.0,14.08,-208.21,27.71,0.0,3.93
1190.0,20.0,0.0,180.0,0.0,0.0,0.0,14.08,-208.08,27.67,0.0,3.93
1191.0,20.0,0.0,180.0,0.0,0.0,0.0,14.08,-210.32,27.68,0.0,4.16
1192.0,20.0,0.0,180.0,0.0,0.0,0.0,14.08,-207.73,27.75,0.0,4.17
1193.0,20.0,0.0,180.0,0.0,0.0,0.0,14.08,-208.18,27.71,0.0,4.4
1194.0,20.0,0.0,180.0,0.0,0.0,0.0,14.08,-209.98,27.7,0.0,4.41
1195.0,20.0,0.0,180.0,0.0,0.0,0.0,14.08,-210.99,27.63,0.0,4.62
1196.0,20.0,0.0,180.0,0.0,0.0,0.0,14.08,-207.31,27.75,0.0,4.63
1197.0,20.0,0.0,180.0,0.0,0.0,0.0,14.08,-208.79,27.56,0.0,4.86
1198.0,20.0,0.0,180.0,0.0,0.0,0.0,14.08,-207.02,27.76,0.0,4.87
1199.0,20.0,0.0,180.0,0.0,0.0,0.0,14.08,-207.15,27.66,0.0,5.1
1200.0,20.0,0.0,180.0,0.0,0.0,0.0,14.08,-212.4,27.52,0.0,5.11
1201.0,20.0,0.0,180.0,0.0,0.0,0.0,14.08,-207.42,27.81,0.0,5.33
1202.0,20.0,0.0,180.0,0.0,0.0,0.0,14.08,-205.86,27.75,0.0,5.33
1203.0,20.0,0.0,180.0,0.0,0.0,0.0,14.08,-210.53,27.56,0.0,5.57
1204.0,20.0,0.0,180.0,0.0,0.0,0.0,14.08,-213.79,27.55,0.0,5.57
1205.0,20.0,0.0,180.0,0.0,0.0,0.0,14.08,-207.59,27.63,0.0,5.81
1206.0,20.0,0.0,180.0,0.0,0.0,0.0,14.08,-209.06,27.7,0.0,5.81
1207.0,20.0,0.0,180.0,0.0,0.0,0.0,14.08,-208.05,27.68,0.0,6.03
1208.0,20.0,0.0,180.0,0.0,0.0,0.0,14.08,-209.87,27.71,0.0,6.04
1209.0,20.0,0.0,180.0,0.0,0.0,0.0,14.08,-214.75,27.45,0.0,6.29
1210.0,20.0,0.0,180.0,0.0,0.0,0.0,14.08,-208.97,27.85,0.0,6.29
1211.0,20.0,0.0,180.0,0.0,0.0,0.0,14.08,-209.11,27.5,0.0,6.51
1212.0,20.0,0.0,180.0,0.0,0.0,0.0,14.08,-213.12,27.53,0.0,6.51
1213.0,20.0,0.0,180.0,0.0,0.0,0.0,14.08,-210.74,27.46,0.0,6.74
1214.0,20.0,0.0,180.0,0.0,0.0,0.0,14.08,-211.7,27.65,0.0,6.74
1215.0,20.0,0.0,180.0,0.0,0.0,0.0,14.08,-213.06,27.48,0.0,6.97
1216.0,20.0,0.0,180.0,0.0,0.0,0.0,14.08,-211.81,27.56,0.0,6.98
1217.0,20.0,0.0,180.0,0.0,0.0,0.0,14.08,-212.27,27.37,0.0,7.21
1218.0,20.0,0.0,180.0,0.0,0.0,0.0,14.08,-211.62,27.44,0.0,7.21
1219.0,20.0,0.0,180.0,0.0,0.0,0.0,14.08,-208.85,27.79,0.0,7.47
1220.0,20.0,0.0,180.0,0.0,0.0,0.0,14.08,-210.94,27.55,0.0,7.47
1221.0,20.0,0.0,180.0,0.0,0.0,0.0,14.08,-207.35,27.75,0.0,7.68
1222.0,20.0,0.0,180.0,0.0,0.0,0.0,14.08,-214.54,27.45,0.0,7.68
1223.0,20.0,0.0,180.0,0.0,0.0,0.0,14.08,-209.88,27.8,0.0,7.91
1224.0,20.0,0.0,180.0,0.0,0.0,0.0,14.08,-208.79,27.65,0.0,7.91
1225.0,20.0,0.0,180.0,0.0,0.0,0.0,14.08,-211.27,27.69,0.0,8.15
1226.0,20.0,0.0,180.0,0.0,0.0,0.0,14.08,-210.68,27.68,0.0,8.15
1227.0,20.0,0.0,180.0,0.0,0.0,0.0,14.08,-210.79,27.51,0.0,8.39
1228.0,20.0,0.0,180.0,0.0,0.0,0.0,14.08,-208.96,27.77,0.0,8.39
1229.0,20.0,0.0,180.0,0.0,0.0,0.0,14.08,-207.13,27.8,0.0,8.63
1230.0,20.0,0.0,180.0,0.0,0.0,0.0,14.08,-210.58,27.61,0.0,8.63
1231.0,20.0,0.0,180.0,0.0,0.0,0.0,14.08,-212.46,27.37,0.0,8.85
1232.0,20.0,0.0,180.0,0.0,0.0,0.0,14.08,-210.95,27.72,0.0,8.85
1233.0,20.0,0.0,180.0,0.0,0.0,0.0,14.08,-212.24,27.4,0.0,9.09
1234.0,20.0,0.0,180.0,0.0,0.0,0.0,14.08,-208.86,27.76,0.0,9.09
1235.0,20.0,0.0,180.0,0.0,0.0,0.0,14.08,-208.6,27.78,0.0,9.33
1236.0,20.0,0.0,180.0,0.0,0.0,0.0,14.08,-209.58,27.63,0.0,9.33
1237.0,20.0,0.0,180.0,0.0,0.0,0.0,14.08,-210.01,27.75,0.0,9.57
1238.0,20.0,0.0,180.0,0.0,0.0,0.0,14.08,-209.39,27.74,0.0,9.57
1239.0,20.0,0.0,180.0,0.0,0.0,0.0,14.08,-209.73,27.7,0.0,9.79
1240.0,20.0,0.0,180.0,0.0,0.0,0.0,14.08,-207.36,27.72,0.0,9.79
1241.0,20.0,0.0,180.0,0.0,0.0,0.0,14.08,-205.39,27.8,0.0,10.03
1242.0,20.0,0.0,180.0,0.0,0.0,0.0,14.08,-207.6,27.77,0.0,10.03
1243.0,20.0,0.0,180.0,0.0,0.0,0.0,14.08,-211.99,27.66,0.0,10.27
1244.0,20.0,0.0,180.0,0.0,0.0,0.0,14.08,-211.9,27.46,0.0,10.27
1245.0,20.0,0.0,180.0,0.0,0.0,0.0,14.08,-209.73,27.8,0.0,10.52
1246.0,20.0,0.0,180.0,0.0,0.0,0.0,14.08,-204.4,28.1,0.0,10.52
1247.0,20.0,0.0,180.0,0.0,0.0,0.0,14.08,-212.04,27.51,0.0,10.73
1248.0,20.0,0.0,180.0,0.0,0.0,0.0,14.08,-212.95,27.59,0.0,10.73
1249.0,20.0,0.0,180.0,0.0,0.0,0.0,14.08,-208.62,27.64,0.0,10.97
1250.0,20.0,0.0,180.0,0.0,0.0,0.0,14.08,-211.33,27.59,0.0,10.98
1251.0,20.0,0.0,180.0,0.0,0.0,0.0,14.08,-210.74,27.54,0.0,11.21
1252.0,20.0,0.0,180.0,0.0,0.0,0.0,14.08,-213.67,27.47,0.0,11.22
1253.0,20.0,0.0,180.0,0.0,0.0,0.0,14.08,-206.88,27.88,0.0,11.44
1254.0,20.0,0.0,180.0,0.0,0.0,0.0,14.08,-209.24,27.78,0.0,11.44
1255.0,20.0,0.0,180.0,0.0,0.0,0.0,14.08,-207.16,27.84,0.0,11.67
1256.0,20.0,0.0,180.0,0.0,0.0,0.0,14.08,-209.69,27.59,0.0,11.68
1257.0,20.0,0.0,180.0,0.0,0.0,0.0,14.08,-205.81,28.02,0.0,11.92
1258.0,20.0,0.0,180.0,0.0,0.0,0.0,14.08,-213.49,27.42,0.0,11.92
1259.0,20.0,0.0,180.0,0.0,0.0,0.0,14.08,-213.24,27.48,0.0,12.2
1260.0,20.0,0.0,180.0,0.0,0.0,0.0,14.08,-206.28,28.0,0.0,12.2
1261.0,20.0,0.0,180.0,0.0,0.0,0.0,14.08,-210.31,27.64,0.0,12.38
1262.0,20.0,0.0,180.0,0.0,0.0,0.0,14.08,-206.48,27.98,0.0,12.39
1263.0,20.0,0.0,180.0,0.0,0.0,0.0,14.08,-214.3,27.32,0.0,12.61
1264.0,20.0,0.0,180.0,0.0,0.0,0.0,14.08,-205.46,27.94,0.0,12.63
1265.0,20.0,0.0,180.0,0.0,0.0,0.0,14.08,-211.28,27.63,0.0,12.85
1266.0,20.0,0.0,180.0,0.0,0.0,0.0,14.08,-213.15,27.54,0.0,12.85
1267.0,20.0,0.0,180.0,0.0,0.0,0.0,14.08,-209.81,27.75,0.0,13.12
1268.0,20.0,0.0,180.0,0.0,0.0,0.0,14.08,-209.45,27.68,0.0,13.12
1269.0,20.0,0.0,180.0,0.0,0.0,0.0,14.08,-215.32,27.24,0.0,13.32
1270.0,20.0,0.0,180.0,0.0,0.0,0.0,14.08,-207.83,27.75,0.0,13.32
1271.0,20.0,0.0,180.0,0.0,0.0,0.0,14.08,-208.51,27.72,0.0,13.56
1272.0,20.0,0.0,180.0,0.0,0.0,0.0,14.08,-210.24,27.59,0.0,13.56
1273.0,20.0,0.0,180.0,0.0,0.0,0.0,14.08,-204.57,27.88,0.0,13.8
1274.0,20.0,0.0,180.0,0.0,0.0,0.0,14.08,-211.02,27.65,0.0,13.8
1275.0,20.0,0.0,180.0,0.0,0.0,0.0,14.08,-210.46,27.58,0.0,14.04
1276.0,20.0,0.0,180.0,0.0,0.0,0.0,14.08,-205.41,27.88,0.0,14.04
1277.0,20.0,0.0,180.0,0.0,0.0,0.0,14.08,-210.93,27.7,0.0,14.26
1278.0,20.0,0.0,180.0,0.0,0.0,0.0,14.08,-210.84,27.54,0.0,14.26
1279.0,20.0,0.0,180.0,0.0,0.0,0.0,14.08,-209.84,27.51,0.0,14.5
1280.0,20.0,0.0,180.0,0.0,0.0,0.0,14.08,-210.08,27.59,0.0,14.5
1281.0,20.0,0.0,180.0,0.0,0.0,0.0,14.08,-207.63,27.8,0.0,14.74
1282.0,20.0,0.0,180.0,0.0,0.0,0.0,14.08,-210.24,27.73,0.0,14.74
1283.0,20.0,0.0,180.0,0.0,0.0,0.0,14.08,-207.68,27.81,0.0,14.96
1284.0,20.0,0.0,180.0,0.0,0.0,0.0,14.08,-209.48,27.55,0.0,14.96
1285.0,20.0,0.0,180.0,0.0,0.0,0.0,14.08,-208.1,27.67,0.0,15.2
1286.0,20.0,0.0,180.0,0.0,0.0,0.0,14.08,-211.89,27.6,0.0,15.2
1287.0,20.0,0.0,180.0,0.0,0.0,0.0,14.08,-208.89,27.69,0.0,15.46
1288.0,20.0,0.0,180.0,0.0,0.0,0.0,14.08,-210.5,27.61,0.0,15.46
1289.0,20.0,0.0,180.0,0.0,0.0,0.0,14.08,-213.48,27.33,0.0,15.66
1290.0,20.0,0.0,180.0,0.0,0.0,0.0,14.08,-206.09,27.79,0.0,15.67
1291.0,20.0,0.0,180.0,0.0,0.0,0.0,14.08,-208.6,27.58,0.0,15.9
1292.0,20.0,0.0,180.0,0.0,0.0,0.0,14.08,-207.21,27.88,0.0,15.9
1293.0,20.0,0.0,180.0,0.0,0.0,0.0,14.08,-208.61,27.68,0.0,16.14
1294.0,20.0,0.0,180.0,0.0,0.0,0.0,14.08,-209.13,27.69,0.0,16.14
1295.0,20.0,0.0,180.0,0.0,0.0,0.0,14.08,-211.13,27.57,0.0,16.38
1296.0,20.0,0.0,180.0,0.0,0.0,0.0,14.08,-209.33,27.62,0.0,16.38
1297.0,20.0,0.0,180.0,0.0,0.0,0.0,14.08,-214.17,27.4,0.0,16.61
1298.0,20.0,0.0,180.0,0.0,0.0,0.0,14.08,-208.45,27.67,0.0,16.61
1299.0,20.0,0.0,180.0,0.0,0.0,0.0,14.08,-210.88,27.48,0.0,16.84
1300.0,20.0,0.0,180.0,0.0,0.0,0.0,14.08,-213.35,27.57,0.0,16.85
1301.0,20.0,0.0,180.0,0.0,0.0,0.0,14.08,-212.15,27.48,0.0,17.08
1302.0,20.0,0.0,180.0,0.0,0.0,0.0,14.08,-209.09,27.71,0.0,17.08
1303.0,20.0,0.0,180.0,0.0,0.0,0.0,14.08,-210.53,27.59,0.0,17.31
1304.0,20.0,0.0,180.0,0.0,0.0,0.0,14.08,-212.3,27.61,0.0,17.31
1305.0,20.0,0.0,180.0,0.0,0.0,0.0,14.08,-211.09,27.46,0.0,17.55
1306.0,20.0,0.0,180.0,0.0,0.0,0.0,14.08,-210.15,27.55,0.0,17.55
1307.0,20.0,0.0,180.0,0.0,0.0,0.0,14.08,-210.6,27.64,0.0,17.78
1308.0,20.0,0.0,180.0,0.0,0.0,0.0,14.08,-210.97,27.63,0.0,17.79
1309.0,20.0,0.0,180.0,0.0,0.0,0.0,14.08,-210.75,27.63,0.0,18.02
1310.0,20.0,0.0,180.0,0.0,0.0,0.0,14.08,-214.56,27.41,0.0,18.02
1311.0,20.0,0.0,180.0,0.0,0.0,0.0,14.08,-213.62,27.48,0.0,18.25
1312.0,20.0,0.0,180.0,0.0,0.0,0.0,14.08,-211.45,27.71,0.0,18.25
1313.0,20.0,0.0,180.0,0.0,0.0,0.0,14.08,-214.46,27.46,0.0,18.49
1314.0,20.0,0.0,180.0,0.0,0.0,0.0,14.08,-206.29,27.78,0.0,18.49
1315.0,20.0,0.0,180.0,0.0,0.0,0.0,14.08,-209.64,27.59,0.0,18.73
1316.0,20.0,0.0,180.0,0.0,0.0,0.0,14.08,-210.66,27.66,0.0,18.73
1317.0,20.0,0.0,180.0,0.0,0.0,0.0,14.08,-208.33,27.69,0.0,18.97
1318.0,20.0,0.0,180.0,0.0,0.0,0.0,14.08,-209.77,27.71,0.0,18.97
1319.0,20.0,0.0,180.0,0.0,0.0,0.0,14.08,-213.02,27.45,0.0,19.21
1320.0,20.0,0.0,180.0,0.0,0.0,0.0,14.08,-208.02,27.77,0.0,19.21
1321.0,20.0,0.0,180.0,0.0,0.0,0.0,14.08,-208.62,27.87,0.0,19.45
1322.0,20.0,0.0,180.0,0.0,0.0,0.0,14.08,-209.39,27.7,0.0,19.45
1323.0,20.0,0.0,180.0,0.0,0.0,0.0,14.08,-210.7,27.64,0.0,19.67
1324.0,20.0,0.0,180.0,0.0,0.0,0.0,14.08,-208.9,27.73,0.0,19.67
1325.0,20.0,0.0,180.0,0.0,0.0,0.0,14.08,-208.45,27.76,0.0,19.91
1326.0,20.0,0.0,180.0,0.0,0.0,0.0,14.08,-208.09,27.82,0.0,19.91
1327.0,20.0,0.0,180.0,0.0,0.0,0.0,14.08,-211.84,27.6,0.0,20.2
1328.0,20.0,0.0,180.0,0.0,0.0,0.0,14.08,-213.24,27.38,0.0,20.2
1329.0,20.0,0.0,180.0,0.0,0.0,0.0,14.08,-212.39,27.55,0.0,20.39
1330.0,20.0,0.0,180.0,0.0,0.0,0.0,14.08,-213.41,27.46,0.0,20.39
1331.0,20.0,0.0,180.0,0.0,0.0,0.0,14.08,-207.58,27.67,0.0,20.61
1332.0,20.0,0.0,180.0,0.0,0.0,0.0,14.08,-209.67,27.54,0.0,20.61
1333.0,20.0,0.0,180.0,0.0,0.0,0.0,14.08,-211.3,27.73,0.0,20.83
1334.0,20.0,0.0,180.0,0.0,0.0,0.0,14.08,-207.59,27.74,0.0,20.84
1335.0,20.0,0.0,180.0,0.0,0.0,0.0,14.08,-211.86,27.38,0.0,21.08
1336.0,20.0,0.0,180.0,0.0,0.0,0.0,14.08,-212.82,27.38,0.0,21.08
1337.0,20.0,0.0,180.0,0.0,0.0,0.0,14.08,-206.98,27.81,0.0,21.31
1338.0,20.0,0.0,180.0,0.0,0.0,0.0,14.08,-214.03,27.48,0.0,21.31
1339.0,20.0,0.0,180.0,0.0,0.0,0.0,14.08,-208.08,27.71,0.0,21.55
1340.0,20.0,0.0,180.0,0.0,0.0,0.0,14.08,-208.21,27.77,0.0,21.55
1341.0,20.0,0.0,180.0,0.0,0.0,0.0,14.08,-206.34,27.82,0.0,21.78
1342.0,20.0,0.0,180.0,0.0,0.0,0.0,14.08,-212.56,27.45,0.0,21.78
1343.0,20.0,0.0,180.0,0.0,0.0,0.0,14.08,-211.57,27.53,0.0,22.01
1344.0,20.0,0.0,180.0,0.0,0.0,0.0,14.08,-205.22,27.86,0.0,22.01
1345.0,20.0,0.0,180.0,0.0,0.0,0.0,14.08,-210.69,27.7,0.0,22.26
1346.0,20.0,0.0,180.0,0.0,0.0,0.0,14.08,-207.5,27.7,0.0,22.26
1347.0,20.0,0.0,180.0,0.0,0.0,0.0,14.08,-211.79,27.47,0.0,22.48
1348.0,20.0,0.0,180.0,0.0,0.0,0.0,14.08,-209.45,27.55,0.0,22.48
1349.0,20.0,0.0,180.0,0.0,0.0,0.0,14.08,-214.23,27.52,0.0,22.71
1350.0,20.0,0.0,180.0,0.0,0.0,0.0,14.08,-206.62,27.7,0.0,22.72
1351.0,20.0,0.0,180.0,0.0,0.0,0.0,14.08,-209.15,27.67,0.0,22.95
1352.0,20.0,0.0,180.0,0.0,0.0,0.0,14.08,-206.19,27.88,0.0,23.15
1353.0,20.0,0.0,180.0,0.0,0.0,0.0,14.08,-209.48,27.61,0.0,23.16
1354.0,20.0,0.0,180.0,0.0,0.0,0.0,14.08,-212.67,27.42,0.0,23.36
1355.0,20.0,0.0,180.0,0.0,0.0,0.0,14.08,-205.96,27.73,0.0,23.36
1356.0,20.0,0.0,180.0,0.0,0.0,0.0,14.08,-212.47,27.54,0.0,23.57
1357.0,20.0,0.0,180.0,0.0,0.0,0.0,14.08,-206.0,27.89,0.0,23.58
1358.0,20.0,0.0,180.0,0.0,0.0,0.0,14.08,-207.01,27.93,0.0,23.77
1359.0,20.0,0.0,180.0,0.0,0.0,0.0,14.08,-212.28,27.54,0.0,23.78
1360.0,20.0,0.0,180.0,0.0,0.0,0.0,14.08,-212.29,27.54,0.0,24.01
1361.0,20.0,0.0,180.0,0.0,0.0,0.0,14.08,-209.96,27.72,0.0,24.02
1362.0,20.0,0.0,180.0,0.0,0.0,0.0,14.08,-208.71,27.67,0.0,24.24
1363.0,20.0,0.0,180.0,0.0,0.0,0.0,14.08,-210.2,27.63,0.0,24.27
1364.0,20.0,0.0,180.0,0.0,0.0,0.0,14.08,-210.49,27.61,0.0,24.48
1365.0,20.0,0.0,180.0,0.0,0.0,0.0,14.08,-206.72,27.79,0.0,24.48
1366.0,20.0,0.0,180.0,0.0,0.0,0.0,14.08,-208.0,27.83,0.0,24.71
1367.0,20.0,0.0,180.0,0.0,0.0,0.0,14.08,-206.86,27.77,0.0,24.72
1368.0,20.0,0.0,180.0,0.0,0.0,0.0,14.08,-208.97,27.73,0.0,24.95
1369.0,20.0,0.0,180.0,0.0,0.0,0.0,14.08,-214.62,27.54,0.0,24.97
1370.0,20.0,0.0,180.0,0.0,0.0,0.0,14.08,-205.41,27.75,0.0,25.18
1371.0,20.0,0.0,180.0,0.0,0.0,0.0,14.08,-211.42,27.57,0.0,25.19
1372.0,20.0,0.0,180.0,0.0,0.0,0.0,14.08,-213.0,27.43,0.0,25.42
1373.0,20.0,0.0,180.0,0.0,0.0,0.0,14.08,-210.54,27.58,0.0,25.42
1374.0,20.0,0.0,180.0,0.0,0.0,0.0,14.08,-210.98,27.68,0.0,25.66
1375.0,20.0,0.0,180.0,0.0,0.0,0.0,14.08,-210.95,27.55,0.0,25.66
1376.0,20.0,0.0,180.0,0.0,0.0,0.0,14.08,-206.52,27.9,0.0,25.89
1377.0,20.0,0.0,180.0,0.0,0.0,0.0,14.08,-212.77,27.57,0.0,25.89
1378.0,20.0,0.0,180.0,0.0,0.0,0.0,14.08,-211.32,27.68,0.0,26.12
1379.0,20.0,0.0,180.0,0.0,0.0,0.0,14.08,-208.89,27.73,0.0,26.12
1380.0,20.0,0.0,180.0,0.0,0.0,0.0,14.08,-210.51,27.51,0.0,26.36
1381.0,20.0,0.0,180.0,0.0,0.0,0.0,14.08,-204.69,27.84,0.0,26.36
1382.0,20.0,0.0,180.0,0.0,0.0,0.0,14.08,-212.92,27.48,0.0,26.6
1383.0,20.0,0.0,180.0,0.0,0.0,0.0,14.08,-208.42,27.64,0.0,26.6
1384.0,20.0,0.0,180.0,0.0,0.0,0.0,14.08,-211.48,27.55,0.0,26.84
1385.0,20.0,0.0,180.0,0.0,0.0,0.0,14.08,-208.82,27.7,0.0,26.84
1386.0,20.0,0.0,180.0,0.0,0.0,0.0,14.08,-213.44,27.59,0.0,27.08
1387.0,20.0,0.0,180.0,0.0,0.0,0.0,14.08,-204.66,27.94,0.0,27.08
1388.0,20.0,0.0,180.0,0.0,0.0,0.0,14.08,-211.84,27.52,0.0,27.31
1389.0,20.0,0.0,180.0,0.0,0.0,0.0,14.08,-213.38,27.53,0.0,27.33
1390.0,20.0,0.0,180.0,0.0,0.0,0.0,14.08,-207.94,27.75,0.0,27.54
1391.0,20.0,0.0,180.0,0.0,0.0,0.0,14.08,-207.84,27.78,0.0,27.54
1392.0,20.0,0.0,180.0,0.0,0.0,0.0,14.08,-210.41,27.55,0.0,27.78
1393.0,20.0,0.0,180.0,0.0,0.0,0.0,14.08,-211.81,27.58,0.0,27.78
1394.0,20.0,0.0,180.0,0.0,0.0,0.0,14.08,-213.7,27.39,0.0,28.0
1395.0,20.0,0.0,180.0,0.0,0.0,0.0,14.08,-207.94,27.8,0.0,28.03
1396.0,20.0,0.0,180.0,0.0,0.0,0.0,14.08,-209.05,27.59,0.0,28.24
1397.0,20.0,0.0,180.0,0.0,0.0,0.0,14.08,-211.04,27.48,0.0,28.24
1398.0,20.0,0.0,180.0,0.0,0.0,0.0,14.08,-209.67,27.76,0.0,28.48
1399.0,20.0,0.0,180.0,0.0,0.0,0.0,14.08,-208.24,27.68,0.0,28.48
1400.0,20.0,0.0,180.0,0.0,0.0,0.0,14.08,-207.76,27.75,0.0,28.71
1401.0,20.0,0.0,180.0,0.0,0.0,0.0,14.08,-207.75,27.85,0.0,28.73
1402.0,20.0,0.0,180.0,0.0,0.0,0.0,14.08,-211.48,27.64,0.0,28.94
1403.0,20.0,0.0,180.0,0.0,0.0,0.0,14.08,-209.53,27.54,0.0,28.95
1404.0,20.0,0.0,180.0,0.0,0.0,0.0,14.08,-209.06,27.72,0.0,29.18
1405.0,20.0,0.0,180.0,0.0,0.0,0.0,14.08,-207.16,27.85,0.0,29.18
1406.0,20.0,0.0,180.0,0.0,0.0,0.0,14.08,-208.91,27.66,0.0,29.42
1407.0,20.0,0.0,180.0,0.0,0.0,0.0,14.08,-209.13,27.56,0.0,29.42
1408.0,20.0,0.0,180.0,0.0,0.0,0.0,14.08,-213.26,27.45,0.0,29.65
1409.0,20.0,0.0,180.0,0.0,0.0,0.0,14.08,-212.66,27.41,0.0,29.65
1410.0,20.0,0.0,180.0,0.0,0.0,0.0,14.08,-213.22,27.56,0.0,29.89
1411.0,20.0,0.0,180.0,0.0,0.0,0.0,14.08,-208.9,27.82,0.0,29.89
1412.0,20.0,0.0,180.0,0.0,0.0,0.0,14.08,-208.7,27.79,0.0,30.14
1413.0,20.0,0.0,180.0,0.0,0.0,0.0,14.08,-210.34,27.56,0.0,30.14
1414.0,20.0,0.0,180.0,0.0,0.0,0.0,14.08,-210.12,27.58,0.0,30.35
1415.0,20.0,0.0,180.0,0.0,0.0,0.0,14.08,-204.88,27.91,0.0,30.38
1416.0,20.0,0.0,180.0,0.0,0.0,0.0,14.08,-212.11,27.44,0.0,30.59
1417.0,20.0,0.0,180.0,0.0,0.0,0.0,14.08,-207.31,27.78,0.0,30.59
1418.0,20.0,0.0,180.0,0.0,0.0,0.0,14.08,-207.73,27.66,0.0,30.83
1419.0,20.0,0.0,180.0,0.0,0.0,0.0,14.08,-207.1,27.86,0.0,30.83
1420.0,20.0,0.0,180.0,0.0,0.0,0.0,14.08,-206.48,27.91,0.0,31.06
1421.0,20.0,0.0,180.0,0.0,0.0,0.0,14.08,-208.13,27.73,0.0,31.07
1422.0,20.0,0.0,180.0,0.0,0.0,0.0,14.08,-213.11,27.35,0.0,31.29
1423.0,20.0,0.0,180.0,0.0,0.0,0.0,14.08,-205.32,27.75,0.0,31.3
1424.0,20.0,0.0,180.0,0.0,0.0,0.0,14.08,-212.97,27.54,0.0,31.53
1425.0,20.0,0.0,180.0,0.0,0.0,0.0,14.08,-211.09,27.58,0.0,31.53
1426.0,20.0,0.0,180.0,0.0,0.0,0.0,14.08,-210.44,27.63,0.0,31.77
1427.0,20.0,0.0,180.0,0.0,0.0,0.0,14.08,-209.01,27.89,0.0,31.77
1428.0,20.0,0.0,180.0,0.0,0.0,0.0,14.08,-214.08,27.57,0.0,32.01
1429.0,20.0,0.0,180.0,0.0,0.0,0.0,14.08,-208.63,27.79,0.0,32.01
1430.0,20.0,0.0,180.0,0.0,0.0,0.0,14.08,-207.61,27.72,0.0,32.25
1431.0,20.0,0.0,180.0,0.0,0.0,0.0,14.08,-210.51,27.47,0.0,32.25
1432.0,20.0,0.0,180.0,0.0,0.0,0.0,14.08,-213.31,27.54,0.0,32.49
1433.0,20.0,0.0,180.0,0.0,0.0,0.0,14.08,-212.06,27.56,0.0,32.49
1434.0,20.0,0.0,180.0,0.0,0.0,0.0,14.08,-206.7,27.85,0.0,32.71
1435.0,20.0,0.0,180.0,0.0,0.0,0.0,14.08,-207.99,27.79,0.0,32.71
1436.0,20.0,0.0,180.0,0.0,0.0,0.0,14.08,-205.9,27.82,0.0,32.95
1437.0,20.0,0.0,180.0,0.0,0.0,0.0,14.08,-207.2,27.8,0.0,32.95
1438.0,20.0,0.0,180.0,0.0,0.0,0.0,14.08,-205.91,27.65,0.0,33.19
1439.0,20.0,0.0,180.0,0.0,0.0,0.0,14.08,-207.3,27.75,0.0,33.19
1440.0,20.0,0.0,180.0,0.0,0.0,0.0,14.08,-211.02,27.52,0.0,33.41
1441.0,20.0,0.0,180.0,0.0,0.0,0.0,14.08,-208.85,27.87,0.0,33.41
1442.0,20.0,0.0,180.0,0.0,0.0,0.0,14.08,-211.11,27.58,0.0,33.65
1443.0,20.0,0.0,180.0,0.0,0.0,0.0,14.08,-210.41,27.73,0.0,33.66
1444.0,20.0,0.0,180.0,0.0,0.0,0.0,14.08,-210.2,27.59,0.0,33.89
1445.0,20.0,0.0,180.0,0.0,0.0,0.0,14.08,-206.57,27.88,0.0,33.89
1446.0,20.0,0.0,180.0,0.0,0.0,0.0,14.08,-207.89,27.81,0.0,34.11
1447.0,20.0,0.0,180.0,0.0,0.0,0.0,14.08,-209.38,27.64,0.0,34.11
1448.0,20.0,0.0,180.0,0.0,0.0,0.0,14.08,-210.11,27.6,0.0,34.35
1449.0,20.0,0.0,180.0,0.0,0.0,0.0,14.08,-208.14,27.67,0.0,34.35
1450.0,20.0,0.0,180.0,0.0,0.0,0.0,14.08,-209.39,27.62,0.0,34.59
1451.0,20.0,0.0,180.0,0.0,0.0,0.0,14.08,-208.47,27.73,0.0,34.59
1452.0,20.0,0.0,180.0,0.0,0.0,0.0,14.08,-208.92,27.76,0.0,34.82
